0.0	0.0	0.0
2.6755852842809364	1.1367659730969297	0.0011740076584586402
5.351170568561873	2.2739439199098075	0.004755835820009251
8.02675585284281	3.4115536210426907	0.01098932766463926
10.702341137123746	4.549614027029072	0.020321672892591906
13.377926421404682	5.688142872243019	0.033400211313576754
16.05351170568562	6.827156344735525	0.05106888166282505
18.729096989966557	7.96666902405549	0.07436448138467619
21.40468227424749	9.106693567380269	0.10451251516629335
24.08026755852843	10.247240449822083	0.14292280714571023
26.755852842809364	11.388317806101018	0.1911849895151761
29.431438127090303	12.52993096120726	0.25106359543273404
32.10702341137124	13.672082961372661	0.3244937280300349
34.78260869565217	14.814773772761386	0.4135753840533891
37.458193979933114	15.95800003618924	0.520568672746131
40.13377926421405	17.101754975130188	0.6478886248404754
42.80936454849498	18.24602860659155	0.7980995511125729
45.48494983277592	19.390807193510533	0.9739101347391242
48.16053511705686	20.5360735659209	1.1781679916431782
50.836120401337794	21.68180734919583	1.41385438953727
53.51170568561873	22.827983664315937	1.6840772431623672
56.187290969899664	23.974573942030055	1.9920670166456165
58.862876254180605	25.121546353816772	2.341171483340153
61.53846153846154	26.268864602104696	2.734846664583372
64.21404682274247	27.416488756335426	3.1766537640812453
66.88963210702342	28.564375461503072	3.6702542740994426
69.56521739130434	29.712476946870407	4.219397105279685
72.24080267558529	30.860742110702194	4.827917577526658
74.91638795986623	32.00911622183793	5.49972964856887
77.59197324414716	33.15754082709766	6.238816185459018
80.2675585284281	34.305954513804075	7.04922260362237
82.94314381270902	35.45429272368305	7.935051321867629
85.61872909698997	36.602487089968754	8.90045229191731
88.29431438127091	37.75046649449505	9.949611278009762
90.96989966555184	38.89815748134364	11.086744041489675
93.64548494983278	40.0454841205238	12.31608871156644
96.32107023411372	41.19236760582846	13.641897091035446
98.99665551839465	42.33872695919932	15.06841578478509
101.67224080267559	43.48447931623114	16.599881064286578
104.34782608695652	44.62954009636916	18.24051133104053
107.02341137123746	45.773823206761406	19.994504215958763
109.6989966555184	46.917241322182214	21.86600937128755
112.37458193979933	48.05970601019505	23.859120699270196
115.05016722408027	49.201127907557996	25.97786898427207
117.72575250836121	50.341416585181804	28.226223758809873
120.40133779264214	51.480482391064655	30.60805966289397
123.07692307692308	52.618234939179025	33.12715145924453
125.75250836120401	53.754584020897	35.7871664312476
128.42809364548495	54.88943935782611	38.59166357774054
131.1036789297659	56.02271152785879	41.54406459730301
133.77926421404683	57.15431206204662	44.64764892058183
136.45484949832775	58.28415325991636	47.90554390194458
139.1304347826087	59.412148649429255	51.32072115551042
141.80602006688963	60.53821311637339	54.895977042821904
144.48160535117057	61.66226284226158	58.633922507676026
147.1571906354515	62.78421605297089	62.536980976637224
149.83277591973246	63.90399265968416	66.60737908714053
152.50836120401337	65.02151457787241	70.84713376206088
155.1839464882943	66.13670596794651	75.25803741558458
157.85953177257525	67.24949365916645	79.84165864391888
160.5351170568562	68.35980713383731	84.59934075520029
163.21070234113714	69.46757808018833	89.53218770531636
165.88628762541805	70.5727411100932	94.64105155885706
168.561872909699	71.6752338691936	99.92653570379053
171.23745819397993	72.77499715730276	105.38899046699163
173.91304347826087	73.87197493121762	111.02851387450552
176.58862876254182	74.96611442179037	116.84494063289264
179.26421404682273	76.05736617023157	122.83783155816037
181.93979933110367	77.14568452611564	129.0064761278947
184.6153846153846	78.23102701956331	135.3499129314003
187.29096989966555	79.31335560758085	141.8668939448915
189.9665551839465	80.39263599209742	148.5559090115598
192.64214046822744	81.46883810602446	155.4151768261535
195.31772575250835	82.54193581826055	162.4426526153173
197.9933110367893	83.61190743624286	169.6360253740809
200.66889632107024	84.67873570637397	176.99272018582502
203.34448160535118	85.74240787393701	184.50990734775232
206.02006688963212	86.80291615832829	192.18451076953207
208.69565217391303	87.86025750617915	200.01319863559854
211.37123745819397	88.91443374207846	207.9923984765272
214.04682274247492	89.9654516096294	216.11830769828433
216.72240802675586	91.01332315964015	224.38690062807962
219.3979933110368	92.05806621807469	232.79394343329787
222.0735785953177	93.09970392472542	241.33497947535744
224.74916387959865	94.13826486230185	250.00535648025547
227.4247491638796	95.17378340379356	258.80024045452024
230.10033444816054	96.20629986701279	267.7146255684975
232.77591973244148	97.23586070204945	276.743347462434
235.45150501672242	98.26251825665328	285.8810876456803
238.12709030100334	99.28633091755226	295.1223947893237
240.80267558528428	100.30736355083093	304.4617066972893
243.47826086956522	101.32568753621919	313.8933578018634
246.15384615384616	102.34138070788303	323.4115975072789
248.8294314381271	103.35452694767247	333.0105935741972
251.50501672240802	104.36521659485692	342.68445961775194
254.18060200668896	105.3735470112219	352.4272829944515
256.8561872909699	106.37962233035938	362.23313219702743
259.53177257525084	107.38355312738432	372.09608169538893
262.2073578595318	108.38545601739801	382.0102215697513
264.8829431438127	109.38545425592227	391.96968250375534
267.55852842809367	110.38367792940706	401.9686552937817
270.2341137123746	111.38026347693383	412.0014059032463
272.9096989966555	112.37535360491455	422.0623016807976
275.58528428093643	113.36909679623723	432.1458130148928
278.2608695652174	114.36164764705613	442.2465505983897
280.9364548494983	115.35316632074881	452.35926723340526
283.61204013377926	116.3438184566001	462.4788825598077
286.2876254180602	117.33377507881261	472.6005072831028
288.96321070234114	118.32321196393576	482.71943998695497
291.6387959866221	119.31230986019511	492.8312027448989
294.314381270903	120.301253632504	502.9315332826949
296.98996655518397	121.29023188275016	513.016389824474
299.6655518394649	122.27943686135845	523.0819854870134
302.3411371237458	123.26906367039183	533.1247879035035
305.01672240802674	124.25931015479946	543.1415233952348
307.6923076923077	125.2503763620145	553.1291878897971
310.3678929765886	126.24246369480242	563.0850343845044
313.04347826086956	127.23577461789466	573.006587678113
315.7190635451505	128.23051215652177	582.8916456415227
318.39464882943145	129.22687921949216	592.7382674701814
321.0702341137124	130.2250782571892	602.544792335947
323.74581939799333	131.22531047487573	612.309824963551
326.4214046822743	132.2277751394139	622.0322195045976
329.09698996655516	133.23266911481994	631.7110744784828
331.7725752508361	134.24018610009531	641.3457285880199
334.44816053511704	135.25051624545398	650.9357487121007
337.123745819398	136.2638456326489	660.4809353606844
339.7993311036789	137.2803552307713	669.981280368009
342.47491638795987	138.30022069471883	679.4369693661209
345.1505016722408	139.32361178919348	688.8483790581137
347.82608695652175	140.3506917332955	698.216042608057
350.5016722408027	141.3816169649134	707.5406641621994
353.17725752508363	142.41653627504877	716.8230809877159
355.8528428093646	143.45559015391282	726.0642375777426
358.52842809364546	144.49891076701903	735.2651978603391
361.2040133779264	145.5466215129808	744.4271011322285
363.87959866220734	146.59883669144838	753.5511818704774
366.5551839464883	147.6556613902523	762.6387577394551
369.2307692307692	148.71719029112583	771.6911746463878
371.90635451505017	149.78350828313324	780.7098373954124
374.5819397993311	150.8546898845532	789.6961663498079
377.25752508361205	151.9307993889402	798.651607245689
379.933110367893	153.01189068313673	807.5776269213768
382.60869565217394	154.0980067053625	816.4756772372415
385.2842809364549	155.18917973817818	825.3472217047104
387.95986622073576	156.28543151588667	834.1937221914399
390.6354515050167	157.38677282358177	843.0166033823745
393.31103678929765	158.49320402495258	851.8172732865764
395.9866220735786	159.60471499361915	860.5971098373101
398.66220735785953	160.72128511229732	869.3574706289739
401.33779264214047	161.8428837371514	878.0997152217179
404.0133779264214	162.96947022544046	886.8251750557845
406.68896321070235	164.10099406454887	895.5351330258906
409.3645484949833	165.23739586323197	904.2308700723893
412.04013377926424	166.3786072049872	912.9136541021575
414.7157190635451	167.5245508743072	921.5847452155895
417.39130434782606	168.675140756914	930.2453849863136
420.066889632107	169.8302823692143	938.8967873664797
422.74247491638795	170.98987349386087	947.5401518088861
425.4180602006689	172.15380480241896	956.1766972365829
428.09364548494983	173.32195975248257	964.8076332468694
430.7692307692308	174.4942152042456	973.4341789348314
433.4448160535117	175.67044157624815	982.0575450528049
436.12040133779266	176.85050350028075	990.6789622223664
438.7959866220736	178.03426006642516	999.2996641500185
441.47157190635454	179.22156514083818	1007.9208908139229
444.1471571906354	180.4122677820707	1016.5438961831825
446.82274247491637	181.6062127949803	1025.1699345840232
449.4983277591973	182.80324036285808	1033.8002562965612
452.17391304347825	184.00318686637223	1042.4361167864301
454.8494983277592	185.20588523835647	1051.0787812012165
457.52508361204013	186.41116514788726	1059.7295218688014
460.2006688963211	187.61885348139813	1068.389604313397
462.876254180602	188.82877432096956	1077.0602713895992
465.55183946488296	190.0407492294194	1085.7427466569848
468.2274247491639	191.25459757397815	1094.4382379524397
470.90301003344484	192.47013667685772	1103.1479272905146
473.5785953177257	193.6871820735871	1111.8729703783986
476.25418060200667	194.90554774719686	1120.6144929711224
478.9297658862876	196.12504617494912	1129.3735747963108
481.60535117056855	197.34548876483467	1138.1512323439167
484.2809364548495	198.56668567346506	1146.9484279122005
486.95652173913044	199.7884460095364	1155.766085129096
489.6321070234114	201.01057801702592	1164.6050898317924
492.3076923076923	202.23288950293528	1173.4662415147043
494.98327759197326	203.45518788260244	1182.3502859872126
497.6588628762542	204.6772801261976	1191.2578906796252
500.3344481605351	205.89897324100042	1200.189659427992
503.01003344481603	207.12007410166524	1209.1461264070936
505.685618729097	208.34038969402474	1218.1277603901915
508.3612040133779	209.5597274462048	1227.1349717541982
511.03678929765886	210.77789556638626	1236.1681236554402
513.7123745819398	211.9947031439986	1245.227518796626
516.3879598662207	213.20996031952515	1254.3134223764496
519.0635451505017	214.42347852013495	1263.4260665116965
521.7391304347826	215.6350708454404	1272.5656541874641
524.4147157190636	216.84455216279395	1281.7323783811898
527.0903010033445	218.05173960939675	1290.9264297340685
529.7658862876254	219.25645280188905	1300.1480065944074
532.4414715719064	220.4585142648845	1309.3973352967741
535.1170568561873	221.65774983704125	1318.674697676289
537.7926421404683	222.8539891117067	1327.9804360052146
540.4682274247492	224.04706551770116	1337.3149735835273
543.14381270903	225.2368170006821	1346.6788348034192
545.819397993311	226.4230859871573	1356.0726295751613
548.4949832775919	227.60572005443456	1365.4970970250465
551.1705685618729	228.78457264227796	1374.9531409655797
553.8461538461538	229.9595033245357	1384.4418456851135
556.5217391304348	231.13037799346668	1393.9644876825068
559.1973244147157	232.29706974402583	1403.5225646090978
561.8729096989966	233.45945901717525	1413.1177974109826
564.5484949832776	234.6174339179996	1422.7521470109118
567.2240802675585	235.77089050945793	1432.4278329087797
569.8996655518395	236.91973338378656	1442.147359812858
572.5752508361204	238.06387613727628	1451.913536702738
575.2508361204013	239.2032415579728	1461.7294604518083
577.9264214046823	240.33776229427727	1471.5985635736108
580.6020066889632	241.46738085795795	1481.5246252529805
583.2775919732442	242.59204978940357	1491.5117688961589
585.9531772575251	243.71173212624996	1501.564469150065
588.628762541806	244.82640108568012	1511.68754767992
591.304347826087	245.93604072834188	1521.8861900915895
593.9799331103679	247.04064618765875	1532.165956045765
596.6555183946489	248.14022367852664	1542.532776978779
599.3311036789298	249.23479054061502	1552.9929712354979
602.0066889632106	250.3243750478072	1563.5532076793734
604.6822742474916	251.40901659332695	1574.2205368966597
607.3578595317725	252.48876572019955	1585.00238368096
610.0334448160535	253.56368405412104	1595.9065339569902
612.7090301003344	254.63384393270476	1606.941093603116
615.3846153846154	255.69932797409083	1618.1145009093652
618.0602006688963	256.7602292382823	1629.435532834341
620.7357859531772	257.81665089896586	1640.9132800947566
623.4113712374582	258.86870600276615	1652.5571275766024
626.0869565217391	259.91651707099317	1664.3767345634778
628.7625418060201	260.96021599477035	1676.3820293177553
631.438127090301	261.99994321497485	1688.583167471212
634.113712374582	263.03584746944404	1700.9905204429742
636.7892976588629	264.06808510018845	1713.6146505380136
639.4648829431438	265.09681965215265	1726.4662814578548
642.1404682274248	266.1222217007902	1739.5562781659205
644.8160535117057	267.1444680855898	1752.8956147678732
647.4916387959867	268.16374103779816	1766.4953406506704
650.1672240802676	269.18022778035515	1780.366525629979
652.8428093645485	270.19411996029953	1794.5202677550958
655.5183946488295	271.20561321819446	1808.967649931
658.1939799331103	272.21490635506035	1823.7196941751172
660.8695652173913	273.22220057761626	1838.7873108844183
663.5451505016722	274.2276988046377	1854.1812637739113
666.2207357859531	275.2316055824069	1869.9121742819289
668.8963210702341	276.2341259545203	1885.9904463535395
671.571906354515	277.23546513304393	1902.4262464039864
674.247491638796	278.2358274504552	1919.2294305935886
676.9230769230769	279.23541590210243	1936.4095194552644
679.5986622073578	280.2344318111807	1953.9756717520502
682.2742474916388	281.23307422349325	1971.9366502977798
684.9498327759197	282.23153925639133	1990.300781840764
687.6254180602007	283.23001938364905	2009.0758869708316
690.3010033444816	284.2287031586894	2028.2692551985951
692.9765886287626	285.22777468719397	2047.8876417067597
695.6521739130435	286.2274133694042	2067.9372224218296
698.3277591973244	287.22779327046356	2088.4235265484795
701.0033444816054	288.22908256783205	2109.3514037352184
703.6789297658863	289.23144357911866	2130.7250444089436
706.3545150501673	290.2350323895957	2152.5479237229706
709.0301003344482	291.2399985312601	2174.822774070958
711.7056856187291	292.2464851159923	2197.5516056596275
714.38127090301	293.25462792908877	2220.7356099473395
717.0568561872909	294.264555553572	2244.3751798357966
719.7324414715719	295.27638950940747	2268.469908260062
722.4080267558528	296.29024400437754	2293.0185668787117
725.0836120401337	297.30622588099834	2318.0190823444746
727.7591973244147	298.3244343883604	2343.4685103487527
730.4347826086956	299.34496189780805	2369.3631072319968
733.1103678929766	300.3678933696259	2395.698284258961
735.7859531772575	301.3933063801941	2422.4685935351354
738.4615384615385	302.42127131285037	2449.6677491797154
741.1371237458194	303.4518517834577	2477.2886449260845
743.8127090301003	304.48510448592776	2505.3233488074643
746.4882943143813	305.52107941150115	2533.7631142165933
749.1638795986622	306.5598199116314	2562.598400150389
751.8394648829432	307.60136291007825	2591.8188877930097
754.5150501672241	308.6457392115307	2621.4134992121863
757.190635451505	309.6929737809624	2651.3704304466055
759.866220735786	310.743085794884	2681.6771690411924
762.5418060200669	311.7960888046172	2712.320495753703
765.2173913043479	312.8519905077766	2743.286470196262
767.8929765886288	313.91079402332684	2774.5605575732916
770.5685618729098	314.972497259851	2806.1275785445764
773.2441471571906	316.0370935482413	2837.971772350017
775.9197324414715	317.1045714172188	2870.0767926104163
778.5953177257525	318.17491475771743	2902.4257162687504
781.2709030100334	319.24810339296977	2935.0011309784213
783.9464882943143	320.3241132317032	2967.785160327234
786.6220735785953	321.4029158363773	3000.759423866791
789.2976588628762	322.4844790381949	3033.9050989890948
791.9732441471572	323.5687671507418	3067.202956302564
794.6488294314381	324.65574090678535	3100.633383424506
797.3244147157191	325.7453573577732	3134.176384889573
800.0	326.83757006256707	3167.8116022507556
