0.0	0.0	0.0
2.6755852842809364	1.132253262571976	0.0011224699243469602
5.351170568561873	2.264156921525706	0.004576141305174861
8.02675585284281	3.395697491564308	0.010651122170876744
10.702341137123746	4.52686208080481	0.01985114297252522
13.377926421404682	5.657638332639589	0.03289224238653673
16.05351170568562	6.788013991032939	0.050701045170929805
18.729096989966557	7.917977101237953	0.07441285186932711
21.40468227424749	9.047515586713208	0.10536903914182183
24.08026755852843	10.176617231198001	0.14511423551840102
26.755852842809364	11.30526942313724	0.1953929211537773
29.431438127090303	12.433459029244162	0.25814579908027274
32.10702341137124	13.561172556892105	0.3355055429050151
34.78260869565217	14.688395776338977	0.4297925128768083
37.458193979933114	15.815113126092758	0.543508871567093
40.13377926421405	16.941308104665147	0.6793331420523565
42.80936454849498	18.066963338751403	0.8401142848776526
45.48494983277592	19.192059842728337	1.0288651102552626
48.16053511705686	20.316577688755487	1.2487547195381348
50.836120401337794	21.44049575331896	1.503101207381496
53.51170568561873	22.563790911039	1.7953624766704699
56.187290969899664	23.686438733865756	2.129128486481909
58.862876254180605	24.808413373411963	2.508111510803451
61.53846153846154	25.929687058467348	2.936135530585305
64.21404682274247	27.05023051375529	3.4171270962267655
66.88963210702342	28.170013063335105	3.955104577814822
69.56521739130434	29.289001928088236	4.554164522473039
72.24080267558529	30.407162892766646	5.218472878642945
74.91638795986623	31.524460388785634	5.952251783600531
77.59197324414716	32.640857436835375	6.759765649615918
80.2675585284281	33.75631540396763	7.645310435017608
82.94314381270902	34.87079430454694	8.613202090621554
85.61872909698997	35.984252772683476	9.667760577520168
88.29431438127091	37.096648167501876	10.81329507096096
90.96989966555184	38.20793680522944	12.054095382853095
93.64548494983278	39.318074479692726	13.394420480527513
96.32107023411372	40.42701613362372	14.838480314605942
98.99665551839465	41.534715681418554	16.39041829975655
101.67224080267559	42.64112634718589	18.054304334215818
104.34782608695652	43.7462012101681	19.834128179316227
107.02341137123746	44.84989333242544	21.733781559070238
109.6989966555184	45.952155347098504	23.75704175560505
112.37458193979933	47.05294027490909	25.907560161117434
115.05016722408027	48.15220063204119	28.188868136922224
117.72575250836121	49.24988992236678	30.6043440141601
120.40133779264214	50.3459622037219	33.15721665967801
123.07692307692308	51.440372114365054	35.850548556334154
125.75250836120401	52.533074863300016	38.687237030481896
128.42809364548495	53.624026586087375	41.67000128645587
131.1036789297659	54.71318464320602	44.801366305174554
133.77926421404683	55.800507847577926	48.08366511965382
136.45484949832775	56.885956001539626	51.51903185933562
139.1304347826087	57.96949028272006	55.10939593068672
141.80602006688963	59.051073293316605	58.85647031940532
144.48160535117057	60.13066922628389	62.76175237535354
147.1571906354515	61.20824416471545	66.8265254943015
149.83277591973246	62.28376567880977	71.05185179249428
152.50836120401337	63.35720346259187	75.43856213589896
155.1839464882943	64.42852907715232	79.98724686768551
157.85953177257525	65.49771605559454	84.69826956236707
160.5351170568562	66.56473997795989	89.57176411493789
163.21070234113714	67.62957838873724	94.607621476985
165.88628762541805	68.69221093660259	99.80549910255642
168.561872909699	69.75261937257916	105.1648213189862
171.23745819397993	70.81078760797988	110.68477606734405
173.91304347826087	71.86670209868583	116.36431252143691
176.58862876254182	72.92035156160927	122.20213972176875
179.26421404682273	73.9717264574225	128.19673942016067
181.93979933110367	75.02082012250375	134.34635342316867
184.6153846153846	76.06762820173812	140.64899131777278
187.29096989966555	77.11214881323745	147.10243214531533
189.9665551839465	78.15438237075587	153.70423243117168
192.64214046822744	79.19433190913918	160.45172380728945
195.31772575250835	80.23200339555552	167.34202041008112
197.9933110367893	81.26740550473026	174.3720218447866
200.66889632107024	82.30054937462448	181.53841831626332
203.34448160535118	83.33144895335988	188.83769035794674
206.02006688963212	84.36012126354433	196.2661250206577
208.69565217391303	85.38658635140717	203.81981824277293
211.37123745819397	86.41086728278253	211.49468693283296
214.04682274247492	87.43299027211718	219.28647665495242
216.72240802675586	88.4529849711857	227.1907605077713
219.3979933110368	89.4708845782664	235.20295847520703
222.0735785953177	90.48672556832426	243.31834623934117
224.74916387959865	91.50054797949602	251.53206950524753
227.4247491638796	92.51239567517128	259.8391539174382
230.10033444816054	93.52231644304848	268.234524655833
232.77591973244148	94.53036196919946	276.71301620089235
235.45150501672242	95.5365881379294	285.2693775845404
238.12709030100334	96.54105467799329	293.8982908691292
240.80267558528428	97.54382562403829	302.5943956553295
243.47826086956522	98.5449694663186	311.3523075226553
246.15384615384616	99.54455905755256	320.16662516858946
248.8294314381271	100.54267183934643	329.03194920469747
251.50501672240802	101.5393896704653	337.9428945208082
254.18060200668896	102.5347989898424	346.8941175575999
256.8561872909699	103.5289909961168	355.8803375209581
259.53177257525084	104.5220613517669	364.8963440051537
262.2073578595318	105.51411032187201	373.9370132557796
264.8829431438127	106.50524286233457	382.9973227150413
267.55852842809367	107.49556844000375	392.07237255564326
270.2341137123746	108.48520106872564	401.15740108967884
272.9096989966555	109.47425927039872	410.2478026356216
275.58528428093643	110.46286583763094	419.3391380580744
278.2608695652174	111.45114777312929	428.4271481985197
280.9364548494983	112.43923565807236	437.50775221480416
283.61204013377926	113.42726391221414	446.5770746840173
286.2876254180602	114.41537082528181	455.631450899093
288.96321070234114	115.40369804996692	464.6674362519054
291.6387959866221	116.39239050049413	473.6818145809448
294.314381270903	117.3815956894732	482.6715945678345
296.98996655518397	118.37146334434425	491.6340128322287
299.6655518394649	119.36214563030677	500.56654959805246
302.3411371237458	120.35379659863776	509.4669191490609
305.01672240802674	121.34657164902575	518.3330726279647
307.6923076923077	122.34062718728434	527.1631943873167
310.3678929765886	123.33612026136058	535.9557084643836
313.04347826086956	124.33320804992755	544.7092616339487
315.7190635451505	125.33204753494101	553.4227264939204
318.39464882943145	126.33279474046346	562.0951821410936
321.0702341137124	127.335604700011	570.7259198221014
323.74581939799333	128.34063098346522	579.3144458625276
326.4214046822743	129.34802488077673	587.8604529419126
329.09698996655516	130.35793498046104	596.3638134052416
331.7725752508361	131.37050660832426	604.8245633840398
334.44816053511704	132.38588150862225	613.242902499263
337.123745819398	133.40419751122107	621.6191918943853
339.7993311036789	134.42558796315691	629.9539319820824
342.47491638795987	135.45018119045082	638.2477494855366
345.1505016722408	136.47809992555477	646.5013862855459
347.82608695652175	137.50946104275278	654.7156879028333
350.5016722408027	138.54437518424314	662.891604183949
353.17725752508363	139.58294638427884	671.0301724605947
355.8528428093646	140.62527158936894	679.1325102946148
358.52842809364546	141.6714403784466	687.199799431329
361.2040133779264	142.72153455137467	695.2332658371873
363.87959866220734	143.77562812806482	703.2342027385915
366.5551839464883	144.83378687434382	711.2039518474631
369.2307692307692	145.89606807079588	719.1438942932218
371.90635451505017	146.9625205730784	727.0554473398919
374.5819397993311	148.03318435103526	734.9400406755283
377.25752508361205	149.10809067872958	742.7991295903536
379.933110367893	150.18726196027336	750.6342197765869
382.60869565217394	151.27071142204892	758.4468352033656
385.2842809364549	152.3584432232002	766.2385094927545
387.95986622073576	153.45045299036707	774.0108058722695
390.6354515050167	154.5467273053506	781.7652944614675
393.31103678929765	155.64724401565428	789.5035688774296
395.9866220735786	156.75197218614753	797.2272520034002
398.66220735785953	157.86087246510627	804.9379904829588
401.33779264214047	158.9738971864724	812.6374472330373
404.0133779264214	160.0909906939143	820.3273240395387
406.68896321070235	161.2120894466828	828.0093533249694
409.3645484949833	162.3371227090454	835.6853221562351
412.04013377926424	163.46601263666514	843.3570533977427
414.7157190635451	164.59867424866596	851.0263926365535
417.39130434782606	165.73501559919717	858.695237052624
420.066889632107	166.87493834721406	866.3655118693616
422.74247491638795	168.01833855838743	874.0392087534987
425.4180602006689	169.16510682888895	881.7183614821724
428.09364548494983	170.3151282989842	889.4050280810734
430.7692307692308	171.46828302767375	897.1013229017207
433.4448160535117	172.6244466470255	904.809410688713
436.12040133779266	173.78349086352512	912.5315053621555
438.7959866220736	174.94528353152998	920.2698534424765
441.47157190635454	176.10968872308567	928.0267254412829
444.1471571906354	177.27656721367205	935.8044210970091
446.82274247491637	178.4457770602077	943.6052621767972
449.4983277591973	179.6171739008658	951.4315939153971
452.17391304347825	180.7906108706364	959.2857621375666
454.8494983277592	181.96593902903632	967.1701134596749
457.52508361204013	183.1430077395111	975.0869975251735
460.2006688963211	184.32166488563928	983.0387292986708
462.876254180602	185.50175732360285	991.0276128779992
465.55183946488296	186.68313056957513	999.0559035507456
468.2274247491639	187.86562915851772	1007.1257943340457
470.90301003344484	189.04909692603317	1015.2394324530239
473.5785953177257	190.23337711183532	1023.3988962302349
476.25418060200667	191.4183127815916	1031.60619297834
478.9297658862876	192.6037465732444	1039.8632187807111
481.60535117056855	193.7895208863518	1048.1717687451737
484.2809364548495	194.97547820937532	1056.5335343176814
486.95652173913044	196.16146095186906	1064.9500857273242
489.6321070234114	197.34731178492837	1073.4228689672198
492.3076923076923	198.53287376409355	1081.9531934262968
494.98327759197326	199.7179901816175	1090.5422166575463
497.6588628762542	200.90250463718272	1099.190949155069
500.3344481605351	202.0862613342846	1107.9002497666518
503.01003344481603	203.26910515632036	1116.670821143684
505.685618729097	204.45088181348714	1125.5032141680933
508.3612040133779	205.63143778638562	1134.3978322880832
511.03678929765886	206.81062034297975	1143.3549178786955
513.7123745819398	207.98827799536568	1152.3745715719292
516.3879598662207	209.1642606162789	1161.4567569586982
519.0635451505017	210.33841943338922	1170.6012862319874
521.7391304347826	211.51060720921964	1179.8078537234944
524.4147157190636	212.68067835532838	1189.0760373363823
527.0903010033445	213.8484893559028	1198.4053206940514
529.7658862876254	215.01389886109507	1207.7950981915506
532.4414715719064	216.17676784885705	1217.2446783510125
535.1170568561873	217.33696019834755	1226.75333016558
537.7926421404683	218.49434285280194	1236.3203051192954
540.4682274247492	219.64878573006044	1245.944815446404
543.14381270903	220.80016241245644	1255.626089154835
545.819397993311	221.94835023147817	1265.3633732211551
548.4949832775919	223.09323055945188	1275.155965477219
551.1705685618729	224.23468972200098	1285.0032548065103
553.8461538461538	225.3726187443563	1294.9047248646466
556.5217391304348	226.5069138505706	1304.8599848123677
559.1973244147157	227.63747686108195	1314.868794993093
561.8729096989966	228.76421566861444	1324.931096757865
564.5484949832776	229.88704435230648	1335.0470268416984
567.2240802675585	231.00588340464313	1345.2169272862611
569.8996655518395	232.12066040170768	1355.4413899545314
572.5752508361204	233.23131036816912	1365.7212546703554
575.2508361204013	234.33777601192872	1376.0576436030792
577.9264214046823	235.44000798290227	1386.4519989372216
580.6020066889632	236.53796512741354	1396.9060885536662
583.2775919732442	237.63161445234934	1407.4220075952617
585.9531772575251	238.72093186622038	1418.0021908068072
588.628762541806	239.805902181857	1428.6494230013714
591.304347826087	240.88651927047508	1439.3668605450407
593.9799331103679	241.96278615967455	1450.1580421552674
596.6555183946489	243.03471521424163	1461.026880522191
599.3311036789298	244.10232831073372	1471.9776626537507
602.0066889632106	245.1656567597103	1483.0150617806396
604.6822742474916	246.22474133116108	1494.1441438522877
607.3578595317725	247.27963230402497	1505.370369491055
610.0334448160535	248.33038943770603	1516.6995704379215
612.7090301003344	249.3770815668779	1528.137914198164
615.3846153846154	250.4197865774039	1539.6919293669769
618.0602006688963	251.45859134402886	1551.3684880203964
620.7357859531772	252.49359142164428	1563.1747941571384
623.4113712374582	253.52489112224285	1575.1183753947948
626.0869565217391	254.5526028086398	1587.2070326024725
628.7625418060201	255.57684663994462	1599.44885807279
631.438127090301	256.59775025520247	1611.852187860965
634.113712374582	257.61544840964086	1624.4255915052934
636.7892976588629	258.6300827302212	1637.1778424729325
639.4648829431438	259.64180087156603	1650.1178833557774
642.1404682274248	260.65075605758005	1663.2548070501437
644.8160535117057	261.6571068768759	1676.5978192075252
647.4916387959867	262.6610168564341	1690.1562324104102
650.1672240802676	263.66265358068495	1703.9394027401397
652.8428093645485	264.66218838482393	1717.9567236972973
655.5183946488295	265.6597956130221	1732.2175689169014
658.1939799331103	266.655652163865	1746.7312732938622
660.8695652173913	267.6499369435541	1761.507081719124
663.5451505016722	268.64283008328306	1776.5541232213093
666.2207357859531	269.63451270622244	1791.8813900743646
668.8963210702341	270.6251659184772	1807.4976634522263
671.571906354515	271.6149705043341	1823.4115001226526
674.247491638796	272.60410627912	1839.6311960697337
676.9230769230769	273.59275163225993	1856.164761599324
679.5986622073578	274.5810829601937	1873.0198592282495
682.2742474916388	275.56927411605017	1890.2037822263196
684.9498327759197	276.5574959413923	1907.7233974955745
687.6254180602007	277.5459156913954	1925.5851185376275
690.3010033444816	278.5346967962076	1943.7949075708198
692.9765886287626	279.5239984196117	1962.358209584751
695.6521739130435	280.51397499334183	1981.2799185889724
698.3277591973244	281.50477577373664	2000.5643662261461
701.0033444816054	282.4965445745811	2020.2152883991291
703.6789297658863	283.48941940306025	2040.2357789214502
706.3545150501673	284.483532498886	2060.62826705901
709.0301003344482	285.4790100252256	2081.3945233342715
711.7056856187291	286.4759720720413	2102.5356673824663
714.38127090301	287.4745323025761	2124.052122845255
717.0568561872909	288.4747976209496	2145.943564718179
719.7324414715719	289.47686838844436	2168.2089216666086
722.4080267558528	290.480838369235	2190.8464210092357
725.0836120401337	291.48679463502845	2213.8535418654637
727.7591973244147	292.4948177811388	2237.227029616526
730.4347826086956	293.5049820478088	2260.9629220357256
733.1103678929766	294.5173553493482	2285.0565010706882
735.7859531772575	295.5319991839028	2309.50230415495
738.4615384615385	296.5489688717753	2334.2941499804087
741.1371237458194	297.56831385953365	2359.425175197935
743.8127090301003	298.5900775284714	2384.8878018280243
746.4882943143813	299.61429770480515	2410.6737942594714
749.1638795986622	300.6410070919285	2436.774265361991
751.8394648829432	301.67023302674215	2463.1796827230182
754.5150501672241	302.70199771856875	2489.8798994051053
757.190635451505	303.7363186360913	2516.8641517279843
759.866220735786	304.77320856564626	2544.1211237541465
762.5418060200669	305.8126759977265	2571.638956896292
765.2173913043479	306.854725158686	2599.40526840083
767.8929765886288	307.89935661687775	2627.407192003556
770.5685618729098	308.9465668414482	2655.631359451848
773.2441471571906	309.9963487250736	2684.063964758972
775.9197324414715	311.0486915999478	2712.6907629848247
778.5953177257525	312.1035814765031	2741.497114418786
781.2709030100334	313.16100135959806	2770.4680231874067
783.9464882943143	314.22093108024245	2799.588149564662
786.6220735785953	315.28334758394635	2828.84181527097
789.2976588628762	316.3482250385226	2858.213032440818
791.9732441471572	317.415534918827	2887.685549610862
794.6488294314381	318.4852457878201	2917.242828818759
797.3244147157191	319.5573237373828	2946.868115157082
800.0	320.63173226421395	2976.54442889111
