0.0	0.0	0.0
2.6755852842809364	1.1305419390129245	0.00096382418436862
5.351170568561873	2.260185606625069	0.003951357551664151
8.02675585284281	3.3888963798032767	0.009275860760539358
10.702341137123746	4.516641393226524	0.017475293289352628
13.377926421404682	5.643389743814681	0.029310321040741757
16.05351170568562	6.769112257420261	0.04576136646653512
18.729096989966557	7.893781534107385	0.06802490586044023
21.40468227424749	9.017371854873856	0.09750867826353135
24.08026755852843	10.139859244574337	0.13582615518257965
26.755852842809364	11.261221276928058	0.18479002184260132
29.431438127090303	12.381437025416496	0.2464049681081843
32.10702341137124	13.500487369806411	0.3228600268053457
34.78260869565217	14.618354484170148	0.41651967355920083
37.458193979933114	15.735021665325151	0.5299144513869305
40.13377926421405	16.85047354044558	0.6657307767177753
42.80936454849498	17.96469613209863	0.8268010337519246
45.48494983277592	19.077676495569722	1.0160926321031025
48.16053511705686	20.189402639691004	1.2366961995268508
50.836120401337794	21.299864207191284	1.491815470747978
53.51170568561873	22.409051062873782	1.7847530324219572
56.187290969899664	23.516953947913585	2.1188989970713377
58.862876254180605	24.6235647218864	2.49772042032508
61.53846153846154	25.728875773023457	2.924746964593391
64.21404682274247	26.832879912545376	3.403557659899018
66.88963210702342	27.935570692623802	3.937773892640464
69.56521739130434	29.036942081021877	4.531039736003413
72.24080267558529	30.13698847703779	5.187014181261401
74.91638795986623	31.235704571699504	5.909358282195925
77.59197324414716	32.33308515827764	6.7017235011231024
80.2675585284281	33.42912557095912	7.5677391522011375
82.94314381270902	34.523821360985636	8.51100430123828
85.61872909698997	35.61716783126717	9.535076028745399
88.29431438127091	36.70916039937775	10.643455198296728
90.96989966555184	37.79979482286784	11.839580173020888
93.64548494983278	38.88906709431606	13.12682019872802
96.32107023411372	39.97697261528985	14.508464819421405
98.99665551839465	41.06350694097328	15.987707730409992
101.67224080267559	42.14866569584288	17.567644931759133
104.34782608695652	43.23244450134979	19.25126976229054
107.02341137123746	44.314838326534066	21.0414665623204
109.6989966555184	45.39584240669833	22.94099622828543
112.37458193979933	46.47545228588647	24.952493685636547
115.05016722408027	47.55366283337952	27.07846981119277
117.72575250836121	48.630468554482064	29.32130064509119
120.40133779264214	49.70586396327208	31.683220408646374
123.07692307692308	50.77984368129247	34.16632021525484
125.75250836120401	51.85240235648493	36.77254924268564
128.42809364548495	52.92353398489001	39.5037109644164
131.1036789297659	53.9932326361383	42.36145506314573
133.77926421404683	55.06149240250912	45.347278003968924
136.45484949832775	56.128307283155316	48.462524010406305
139.1304347826087	57.193671346081075	51.70838808424102
141.80602006688963	58.25757807472078	55.08590872935644
144.48160535117057	59.32002110761631	58.59596667310402
147.1571906354515	60.3809943563741	62.23929383468724
149.83277591973246	61.440491681800175	66.01647145638587
152.50836120401337	62.498506932391976	69.92792861169275
155.1839464882943	63.555034251324926	73.97393824955788
157.85953177257525	64.61006797388404	78.15462669915468
160.5351170568562	65.6636028465859	82.46997481917411
163.21070234113714	66.7156335659475	86.91982117752451
165.88628762541805	67.76615537853345	91.5038607698414
168.561872909699	68.8151641460426	96.22165121893273
171.23745819397993	69.86265624047331	101.07261161718503
173.91304347826087	70.90862838898829	106.05603021478333
176.58862876254182	71.95307811690162	111.17106754494293
179.26421404682273	72.99600386794803	116.41675394510978
181.93979933110367	74.03740522674643	121.79199211194491
184.6153846153846	75.07728195795815	127.29557695605543
187.29096989966555	76.11563539248404	132.92616922413254
189.9665551839465	77.15246803780086	138.68232115917215
192.64214046822744	78.18778391937734	144.56247543146125
195.31772575250835	79.2215883856251	150.56496849472512
197.9933110367893	80.25388838036193	156.68802799720203
200.66889632107024	81.2846924053784	162.92977594185433
203.34448160535118	82.31401057020827	169.2882349596023
206.02006688963212	83.34185509957555	175.7613348724123
208.69565217391303	84.3682403454673	182.3469093542499
211.37123745819397	85.39318292003105	189.04269475026433
214.04682274247492	86.41670123185328	195.84633675873087
216.72240802675586	87.4388160037863	202.7553973496348
219.3979933110368	88.45955072183436	209.76735992128798
222.0735785953177	89.4789317743815	216.87961737609692
224.74916387959865	90.49698821927595	224.0894799406243
227.4247491638796	91.51375171739991	231.39418201468226
230.10033444816054	92.52925680005418	238.79088213651698
232.77591973244148	93.54354109178604	246.27666883561466
235.45150501672242	94.55664569425635	253.8485566266806
238.12709030100334	95.56861463850142	261.5034935062969
240.80267558528428	96.57949517136741	269.23836485256425
243.47826086956522	97.58933784546863	277.0499964919444
246.15384615384616	98.59819646876187	284.93515326696325
248.8294314381271	99.60612858008766	292.8905437708213
251.50501672240802	100.61319491933766	300.9128196384802
254.18060200668896	101.61945971491512	308.9985932093027
256.8561872909699	102.62499065374017	317.14443613886107
259.53177257525084	103.62985890316114	325.3468799669125
262.2073578595318	104.63413897561382	333.60241845290045
264.8829431438127	105.63790867713446	341.9075127882314
267.55852842809367	106.64124926732497	350.25860280327987
270.2341137123746	107.64424522160002	358.65211251416054
272.9096989966555	108.64698411759065	367.0844484453355
275.58528428093643	109.64955666937625	375.55200772127245
278.2608695652174	110.65205626536407	384.0511817430566
280.9364548494983	111.6545790758839	392.5783606060744
283.61204013377926	112.657223925547	401.1299481950175
286.2876254180602	113.66009196653374	409.70235664629297
288.96321070234114	114.66328664413983	418.2920213453495
291.6387959866221	115.6669134649736	426.89540182097187
294.314381270903	116.67107976818211	435.5089925759752
296.98996655518397	117.67589437887418	444.1293251771406
299.6655518394649	118.68146719525542	452.7529639705261
302.3411371237458	119.6879091836338	461.3765209211899
305.01672240802674	120.69533212944873	469.9966706816198
307.6923076923077	121.7038483925632	478.61014879622496
310.3678929765886	122.71357039045449	487.21375432217997
313.04347826086956	123.72461011351648	495.8043566306868
315.7190635451505	124.7370790588914	504.3789040039885
318.39464882943145	125.75108817085959	512.9344346892933
321.0702341137124	126.76674714164189	521.468077430324
323.74581939799333	127.78416410413666	529.9770535617968
326.4214046822743	128.80344521521664	538.4586807280743
329.09698996655516	129.82469443255704	546.9103706255869
331.7725752508361	130.84801328218114	555.3296481748996
334.44816053511704	131.87350044851416	563.7141605012366
337.123745819398	132.9012513326666	572.0616750685505
339.7993311036789	133.9313577088283	580.3700727661275
342.47491638795987	134.9639077377201	588.6373535816901
345.1505016722408	135.99898556077164	596.8616569815946
347.82608695652175	137.0366710924106	605.0412669666545
350.5016722408027	138.0770395031512	613.1746016412342
353.17725752508363	139.12016084684038	621.2602116179796
355.8528428093646	140.16610012194417	629.296789088208
358.52842809364546	141.2149171655716	637.2831747080457
361.2040133779264	142.26666639270775	645.218362098716
363.87959866220734	143.32139673911308	653.1015108196352
366.5551839464883	144.37915106356516	660.9319227769222
369.2307692307692	145.43996625755256	668.7090533523664
371.90635451505017	146.50387343131578	676.4325119207522
374.5819397993311	147.5708978021648	684.1020695269624
377.25752508361205	148.64105903790866	691.7176719600049
379.933110367893	149.7143706351434	699.2794353370483
382.60869565217394	150.79083987492027	706.7876407727335
385.2842809364549	151.87046793768437	714.2427203756388
387.95986622073576	152.95325015580417	721.6452789455698
390.6354515050167	154.0391766305425	728.9961007278007
393.31103678929765	155.1282315444728	736.29611893139
395.9866220735786	156.22039337782132	743.546439777708
398.66220735785953	157.31563527941816	750.7483414464925
401.33779264214047	158.413925136792	757.9032624171599
404.0133779264214	159.5152260959938	765.0128086066132
406.68896321070235	160.61949654228002	772.078755348434
409.3645484949833	161.72669006785208	779.1030282814971
412.04013377926424	162.8367561371113	786.0877266425086
414.7157190635451	163.94963993125904	793.0350864322709
417.39130434782606	165.06528236484056	799.9474874858231
420.066889632107	166.1836201457341	806.8274365477212
422.74247491638795	167.30458695868822	813.6775746771704
425.4180602006689	168.4281128314665	820.5006737930719
428.09364548494983	169.55412471800912	827.2996112882937
430.7692307692308	170.6825463725418	834.0773702081823
433.4448160535117	171.81329870054017	840.8370338468064
436.12040133779266	172.94630017467162	847.581776650164
438.7959866220736	174.08146707816041	854.3148504534973
441.47157190635454	175.21871325315652	861.0395576058879
444.1471571906354	176.35794990884122	867.7592376042136
446.82274247491637	177.49908645680122	874.4772585539415
449.4983277591973	178.64203062594385	881.1970184689974
452.17391304347825	179.78668837469726	887.9219111165661
454.8494983277592	180.93296388890815	894.6553260228284
457.52508361204013	182.0807594823616	901.4006161474649
460.2006688963211	183.22997632681756	908.1610909570157
462.876254180602	184.3805141613363	914.9400022703235
465.55183946488296	185.53227133878488	921.7405288331954
468.2274247491639	186.6851448997309	928.5657625412672
470.90301003344484	187.8390306071995	935.4186764788063
473.5785953177257	188.99382302026956	942.3021255476089
476.25418060200667	190.1494157701276	949.2188422386873
478.9297658862876	191.30570140763203	956.1714091515091
481.60535117056855	192.4625710834889	963.1622398235784
484.2809364548495	193.61991477776874	970.1935962942873
486.95652173913044	194.77762181852532	977.2675831056982
489.6321070234114	195.93558053631273	984.3861233932062
492.3076923076923	197.0936784515524	991.5509396185632
494.98327759197326	198.25180197902992	998.7635562803226
497.6588628762542	199.40983658459515	1006.0252939186662
500.3344481605351	200.56766723755715	1013.3372985103325
503.01003344481603	201.72517833352572	1020.7005126746423
505.685618729097	202.8822535655377	1028.1156786837214
508.3612040133779	204.03877619185695	1035.5833593467896
511.03678929765886	205.19462903128883	1043.1039338813732
513.7123745819398	206.34969468969996	1050.6776176207177
516.3879598662207	207.5038558317503	1058.3044747009935
519.0635451505017	208.65699516963187	1065.984415516032
521.7391304347826	209.8089954685177	1073.7172025346058
524.4147157190636	210.95973983645104	1081.5024796931152
527.0903010033445	212.10911209179773	1089.33981275682
529.7658862876254	213.25699700942906	1097.2286879506441
532.4414715719064	214.40328033975544	1105.168522453326
535.1170568561873	215.54784931488615	1113.1587000388456
537.7926421404683	216.690592755179	1121.198602283566
540.4682274247492	217.8314012322615	1129.2876219658706
543.14381270903	218.97016748890186	1137.4251895488956
545.819397993311	220.1067867699732	1145.6107912829389
548.4949832775919	221.24115705358378	1153.8439931389423
551.1705685618729	222.37317913565073	1162.1244737560232
553.8461538461538	223.50275717392324	1170.4520662092953
556.5217391304348	224.62979897739686	1178.8267666167944
559.1973244147157	225.7542165218394	1187.24875621523
561.8729096989966	226.87592607056035	1195.7184256103767
564.5484949832776	227.9948483406168	1204.2364056250758
567.2240802675585	229.1109087283142	1212.8035817477423
569.8996655518395	230.22403776453618	1221.4211074425002
572.5752508361204	231.3341713196509	1230.0904214909694
575.2508361204013	232.4412509294902	1238.8132536194205
577.9264214046823	233.54522412738152	1247.5916628182788
580.6020066889632	234.64604460843063	1256.4280618554671
583.2775919732442	235.74367190361897	1265.3251796454463
585.9531772575251	236.83807202662965	1274.2860809397807
588.628762541806	237.92921769798514	1283.3141914526473
591.304347826087	239.01708832178235	1292.4132811333766
593.9799331103679	240.1016702982049	1301.5874765640024
596.6555183946489	241.18295689001016	1310.841252829864
599.3311036789298	242.26094797941437	1320.1794032953258
602.0066889632106	243.33565055522686	1329.60707188568
604.6822742474916	244.40707853146233	1339.129735722484
607.3578595317725	245.47525317470428	1348.7531936426808
610.0334448160535	246.5402027364403	1358.4835489383677
612.7090301003344	247.60196206452036	1368.3271671391549
615.3846153846154	248.66057244929434	1378.2906777317057
618.0602006688963	249.7160817163966	1388.3809635038124
620.7357859531772	250.76854466454824	1398.6051636205093
623.4113712374582	251.81802250863603	1408.970623979662
626.0869565217391	252.86458223290978	1419.4848628101654
628.7625418060201	253.90829662342045	1430.155571950843
631.438127090301	254.94924440571637	1440.9905994825763
634.113712374582	255.98750972109107	1451.9979081137242
636.7892976588629	257.02318200044664	1463.185565058831
639.4648829431438	258.05635519543864	1474.5616754499101
642.1404682274248	259.08712754725815	1486.1343929218044
644.8160535117057	260.11560187655857	1497.9118890714751
647.4916387959867	261.1418847399893	1509.9023339389928
650.1672240802676	262.1660862855939	1522.1138566058057
652.8428093645485	263.188319678151	1534.5545482219243
655.5183946488295	264.2087007424685	1547.2324017952947
658.1939799331103	265.2273480651857	1560.155292752412
660.8695652173913	266.2443820186568	1573.3309438562944
663.5451505016722	267.25992445035627	1586.7669159309391
666.2207357859531	268.2740985913619	1600.4705832553727
668.8963210702341	269.2870282558552	1614.4491011120544
671.571906354515	270.2988376942774	1628.709381512143
674.247491638796	271.30965118099795	1643.2580691138605
676.9230769230769	272.3195927043261	1658.1015066409964
679.5986622073578	273.3287856355519	1673.2457147636774
682.2742474916388	274.3373521115481	1688.6964036534582
684.9498327759197	275.3454128569149	1704.4588985484768
687.6254180602007	276.3530864786447	1720.538134359585
690.3010033444816	277.36048943207476	1736.9386378820873
692.9765886287626	278.36773644877826	1753.6645829667393
695.6521739130435	279.37493879292543	1770.7196119045766
698.3277591973244	280.38220547412874	1788.106969947136
701.0033444816054	281.38964188078086	1805.8294123535827
703.6789297658863	282.3973499112982	1823.889211406318
706.3545150501673	283.4054281000758	1842.2881276544626
709.0301003344482	284.4139712189181	1861.0273997710142
711.7056856187291	285.4230702360625	1880.1077739327918
714.38127090301	286.43281193140535	1899.5294494457694
717.0568561872909	287.44327909328393	1919.2920912872528
719.7324414715719	288.45455034454557	1939.3948285388383
722.4080267558528	289.46670008006913	1959.8362531692535
725.0836120401337	290.4797985912342	1980.6144160455865
727.7591973244147	291.4939119890303	2001.72682042343
730.4347826086956	292.5091020795082	2023.170415599009
733.1103678929766	293.52542669588547	2044.9416190070247
735.7859531772575	294.5429395023606	2067.036286553767
738.4615384615385	295.56169024256064	2089.449758411012
741.1371237458194	296.5817249396586	2112.176869815853
743.8127090301003	297.6030858607417	2135.2119370762202
746.4882943143813	298.6258112843907	2158.548753725578
749.1638795986622	299.64993603623475	2182.18061594072
751.8394648829432	300.6754919744117	2206.100357153525
754.5150501672241	301.70250765569057	2230.3003347928984
757.190635451505	302.7310084466916	2254.772452756108
759.866220735786	303.76101671842326	2279.508179855999
762.5418060200669	304.79255162059053	2304.4984907093503
765.2173913043479	305.82562984540345	2329.7339762230417
767.8929765886288	306.86026559853957	2355.2048202644496
770.5685618729098	307.89647048495414	2380.9007892735367
773.2441471571906	308.934253824867	2406.811269962817
775.9197324414715	309.97362262285367	2432.925256768837
778.5953177257525	311.0145819306701	2459.2314080955794
781.2709030100334	312.0571349487576	2485.7180559854023
783.9464882943143	313.10128270126484	2512.3731582502196
786.6220735785953	314.1470241198371	2539.1843305514294
789.2976588628762	315.1943563845526	2566.138862118972
791.9732441471572	316.2432750402791	2593.223763103016
794.6488294314381	317.29377419712165	2620.4257595911126
797.3244147157191	318.34584598379	2647.7312397680635
800.0	319.39948080700447	2675.12631640381
