0.0	0.0	0.0
2.6755852842809364	1.1315067211382834	0.000995826231745095
5.351170568561873	2.263437063550207	0.004097548609433367
8.02675585284281	3.3957566581531777	0.009645176631015018
10.702341137123746	4.5284301950458605	0.018201849098421187
13.377926421404682	5.661421399721276	0.030550882736755186
16.05351170568562	6.794692880675055	0.04769210688177378
18.729096989966557	7.928206327597074	0.07083765361349988
21.40468227424749	9.061922311642943	0.10140696669154052
24.08026755852843	10.195800423984323	0.1410213069904274
26.755852842809364	11.329799017101017	0.19149761369285617
29.431438127090303	12.46387536915982	0.2548419249039411
32.10702341137124	13.597985857961007	0.33324256611758285
34.78260869565217	14.732085739305592	0.4290626572385361
37.458193979933114	15.86612886146361	0.5448323327123863
40.13377926421405	17.00006805014875	0.683240416875876
42.80936454849498	18.133855042523454	0.8471260184612693
45.48494983277592	19.267440365790247	1.0394701164285156
48.16053511705686	20.400773750345195	1.2633867305225222
50.836120401337794	21.533804068565342	1.5221138401711578
53.51170568561873	22.6664785725303	1.8190028112663692
56.187290969899664	23.798743579211553	2.1575098007523787
58.862876254180605	24.930544677466063	2.541187339172278
61.53846153846154	26.06182620154579	2.973671551087891
64.21404682274247	27.192531518680575	3.4586735347608903
66.88963210702342	28.32260323657269	3.9999720157452003
69.56521739130434	29.451982596260095	4.601397574847924
72.24080267558529	30.580610145983698	5.266825501897975
74.91638795986623	31.708425828505806	6.000165945677419
77.59197324414716	32.83536852596952	6.805351404891931
80.2675585284281	33.96137647995102	7.686326415523353
82.94314381270902	35.08638725126765	8.647039145345163
85.61872909698997	36.21033746661278	9.691428187415829
88.29431438127091	37.33316326993365	10.823410461281858
90.96989966555184	38.45480047360476	12.046874502814262
93.64548494983278	39.57518414118547	13.3656695442658
96.32107023411372	40.6942488727936	14.783590962110523
98.99665551839465	41.811929287996556	16.304369546932772
101.67224080267559	42.92815955477347	17.931661427689527
104.34782608695652	44.042873288083946	19.66904129078494
107.02341137123746	45.15600426147583	21.519990855536584
109.6989966555184	46.2674863433622	23.487884564941524
112.37458193979933	47.37725391394143	25.575976886364174
115.05016722408027	48.485241003473384	27.78740542277827
117.72575250836121	49.591382166531005	30.12516753779677
120.40133779264214	50.69561241492127	32.59211750736856
123.07692307692308	51.79786741547355	35.19095415311785
125.75250836120401	52.898083531177775	37.924216845386006
128.42809364548495	53.996198027071166	40.79427687684169
131.1036789297659	55.09214935053274	43.80332380957771
133.77926421404683	56.185876913081486	46.95335857138286
136.45484949832775	57.277321343358835	50.24619030776596
139.1304347826087	58.36642495421981	53.68343355990941
141.80602006688963	59.45313182071903	57.26649502616907
144.48160535117057	60.537387333902345	60.996565036706805
147.1571906354515	61.61913902477293	64.87462485512025
149.83277591973246	62.69833643562869	68.90144194388543
152.50836120401337	63.77493163250405	73.07755913913407
155.1839464882943	64.84887925276368	77.40328467313023
157.85953177257525	65.9201361030924	81.87869890051286
160.5351170568562	66.98866212152528	86.50365976240477
163.21070234113714	68.05442027692376	91.2777933978593
165.88628762541805	69.11737660229352	96.20049830995134
168.561872909699	70.17750032549122	101.27094426497439
171.23745819397993	71.23476419667074	106.4880724220493
173.91304347826087	72.28914467447215	111.8506011926675
176.58862876254182	73.3406221253472	117.35702793007881
179.26421404682273	74.38918016169053	123.00563582745389
181.93979933110367	75.43480693389134	128.79448511940652
184.6153846153846	76.47749485377183	134.72142839497607
187.29096989966555	77.51724050809858	140.78411453729146
189.9665551839465	78.55404464068684	146.9799946268258
192.64214046822744	79.58791273540528	153.30632562464822
195.31772575250835	80.61885530051228	159.7601786136113
197.9933110367893	81.6468875805088	166.3384473081508
200.66889632107024	82.67202947453448	173.03785534156967
203.34448160535118	83.69430555521097	179.85495637495234
206.02006688963212	84.71374542407368	186.78614920801982
208.69565217391303	85.73038410460161	193.82769145902785
211.37123745819397	86.74426160838671	200.97570044911706
214.04682274247492	87.755422924795	208.22615965936265
216.72240802675586	88.76391845996375	215.57493176922924
219.3979933110368	89.76980379750144	223.01776530231885
222.0735785953177	90.7731398790448	230.55031636140157
224.74916387959865	91.77399279629203	238.16815194741622
227.4247491638796	92.7724337363072	245.8667476986867
230.10033444816054	93.76853919580181	253.64151114897243
232.77591973244148	94.76239093332254	261.48779794918124
235.45150501672242	95.75407584787976	269.40090787900397
238.12709030100334	96.74368620103789	277.37609898388297
240.80267558528428	97.73131916919118	285.4085985445807
243.47826086956522	98.71707691532302	293.4936198237627
246.15384615384616	99.70106659263593	301.62637660115934
248.8294314381271	100.68340030582515	309.80208635114724
251.50501672240802	101.66419479360306	318.01597210827026
254.18060200668896	102.64357160289757	326.2632941757823
256.8561872909699	103.62165673258133	334.53935363180227
259.53177257525084	104.5985806711616	342.83950805656997
262.2073578595318	105.57447815260672	351.1591744140912
264.8829431438127	106.54948793932357	359.49383566717916
267.55852842809367	107.52375293715917	367.8390711054056
270.2341137123746	108.49741967419024	376.1905506401537
272.9096989966555	109.47063833143882	384.5440588968736
275.58528428093643	110.44356261298208	392.89549938763065
278.2608695652174	111.41634922081793	401.2408941227846
280.9364548494983	112.38915756854212	409.5764012436981
283.61204013377926	113.3621496463745	417.89833074388577
286.2876254180602	114.33548990366619	426.2031497200967
288.96321070234114	115.30934497407117	434.48749550230815
291.6387959866221	116.28388339047258	442.7481831678521
294.314381270903	117.25927494321402	450.9822005882075
296.98996655518397	118.2356903406241	459.18671323306813
299.6655518394649	119.21330106851296	467.35907490496146
302.3411371237458	120.19227891646936	475.49683476894614
305.01672240802674	121.17279578449343	483.59775231794515
307.6923076923077	122.15502341163887	491.659799539277
310.3678929765886	123.13913246010226	499.68114721466713
313.04347826086956	124.12529227368616	507.6601631525038
315.7190635451505	125.11367061943531	515.5954251954587
318.39464882943145	126.10443305313298	523.4857097462726
321.0702341137124	127.09774278590311	531.3300065033776
323.74581939799333	128.0937600523649	539.1275128140729
326.4214046822743	129.0926416684392	546.8776209904977
329.09698996655516	130.09454054634176	554.5799177740454
331.7725752508361	131.09960508784073	562.2341711695949
334.44816053511704	132.10797909164816	569.8403360717599
337.123745819398	133.1198012253022	577.3985515661632
339.7993311036789	134.13520459735292	584.9091271091033
342.47491638795987	135.1543161891198	592.3725216557932
345.1505016722408	136.1772564876449	599.7893466755792
347.82608695652175	137.20413929717407	607.16036153204
350.5016722408027	138.23507149757484	614.4864754732732
353.17725752508363	139.27015244745627	621.7687145805427
355.8528428093646	140.3094733619051	629.0082091692925
358.52842809364546	141.35311743874163	636.2062010052935
361.2040133779264	142.40115955436576	643.3640199068703
363.87959866220734	143.45366645460564	650.483105676037
366.5551839464883	144.51069599830132	657.5649677289495
369.2307692307692	145.5722970119772	664.6111823202068
371.90635451505017	146.63850914606311	671.6233824962584
374.5819397993311	147.70936298293063	678.6032467968412
377.25752508361205	148.78488015119126	685.5525113829173
379.933110367893	149.86507346929463	692.4729735046709
382.60869565217394	150.94994627455446	699.3664569972457
385.2842809364549	152.03949251574838	706.234807054373
387.95986622073576	153.13369722397	713.0799004399954
390.6354515050167	154.23253662413603	719.9036236729531
393.31103678929765	155.33597827773218	726.7078991120221
395.9866220735786	156.4439808120092	733.4946645872083
398.66220735785953	157.55649415501412	740.265868136808
401.33779264214047	158.6734602376224	747.0234819663281
404.0133779264214	159.79481322935723	753.7694860654514
406.68896321070235	160.92047949714166	760.5058828242053
409.3645484949833	162.0503778244033	767.2346917582586
412.04013377926424	163.1844200670028	773.9579672638512
414.7157190635451	164.32251094411055	780.6777704564993
417.39130434782606	165.46454850984847	787.396175749048
420.066889632107	166.61042444176798	794.1152769162826
422.74247491638795	167.76002429773587	800.8371754438252
425.4180602006689	168.91322831342188	807.5640129320661
428.09364548494983	170.06991134985424	814.2979469011807
430.7692307692308	171.22994299837964	821.0411536849107
433.4448160535117	172.39318798893157	827.7958288268003
436.12040133779266	173.55950654181444	834.5641837543789
438.7959866220736	174.7287549871384	841.3484584294168
441.47157190635454	175.9007856535943	848.1509066877255
444.1471571906354	177.0754470383785	854.9737824997464
446.82274247491637	178.25258443651873	861.8193498831689
449.4983277591973	179.43204004564384	868.6898742639547
452.17391304347825	180.61365309215356	875.5876187902936
454.8494983277592	181.79726010852704	882.5148339476103
457.52508361204013	182.98269504261813	889.4737536444704
460.2006688963211	184.1697898772317	896.4665880652974
462.876254180602	185.35837460808438	903.4955159271326
465.55183946488296	186.5482771396385	910.5626887936569
468.2274247491639	187.7393237117207	917.6702047407601
470.90301003344484	188.93133917470183	924.820110622106
473.5785953177257	190.1241471698773	932.0143910787664
476.25418060200667	191.3175702898018	939.254963031296
478.9297658862876	192.51143002762555	946.543656300466
481.60535117056855	193.70554692438063	953.8822208537704
484.2809364548495	194.89974098914053	961.272325466392
486.95652173913044	196.09383177660106	968.7155385378848
489.6321070234114	197.28763834681632	976.2133315029746
492.3076923076923	198.4809798782643	983.7670626229539
494.98327759197326	199.67367536234792	991.3779679195867
497.6588628762542	200.86554400593897	999.0471696388853
500.3344481605351	202.05640553646452	1006.7756785434306
503.01003344481603	203.24608021510141	1014.5643688202109
505.685618729097	204.43438896407602	1022.4139995519008
508.3612040133779	205.6211538695399	1030.3252178678208
511.03678929765886	206.80619824156432	1038.298547991851
513.7123745819398	207.98934685972904	1046.3344171938086
516.3879598662207	209.17042624516895	1054.4331397749315
519.0635451505017	210.34926507687968	1062.594923730865
521.7391304347826	211.52569434768978	1070.8198923320206
524.4147157190636	212.6995476576415	1079.1080917454608
527.0903010033445	213.87066157036367	1087.4595002968108
529.7658862876254	215.03887587217622	1095.8740327275448
532.4414715719064	216.2040339187521	1104.3515554401365
535.1170568561873	217.36598314790967	1112.8919193533893
537.7926421404683	218.52457534846243	1121.494968157233
540.4682274247492	219.67966679763637	1130.1605462716755
543.14381270903	220.83111904478764	1138.8885148811619
545.819397993311	221.9787989850513	1147.6787595588596
548.4949832775919	223.12257930659624	1156.5312301740037
551.1705685618729	224.262338730913	1165.4459505501634
553.8461538461538	225.39796263342586	1174.4230539857526
556.5217391304348	226.5293432957594	1183.4627880473572
559.1973244147157	227.6563804417083	1192.5655244315872
561.8729096989966	228.77898122079546	1201.73177515706
564.5484949832776	229.89706064172103	1210.9622208070089
567.2240802675585	231.01054184241343	1220.257714793167
569.8996655518395	232.11935663488333	1229.6193148847285
572.5752508361204	233.2234457056534	1239.048277391213
575.2508361204013	234.3227587289305	1248.5460737481028
577.9264214046823	235.4172546260973	1258.1144162245664
580.6020066889632	236.5069017591934	1267.755266370771
583.2775919732442	237.59167821659622	1277.4708358047026
585.9531772575251	238.67157178512275	1287.2635777167718
588.628762541806	239.7465801679252	1297.1362071262092
591.304347826087	240.81671083491804	1307.0916934075815
593.9799331103679	241.88198141014402	1317.1332796097552
596.6555183946489	242.94241956573597	1327.2644704275285
599.3311036789298	243.9980629848521	1337.4890340271781
602.0066889632106	245.04895925880973	1347.8110125748665
604.6822742474916	246.09516594815472	1358.234695767294
607.3578595317725	247.1367502532097	1368.76461314619
610.0334448160535	248.1737891283128	1379.4055485558022
612.7090301003344	249.20636901186677	1390.1625157336737
615.3846153846154	250.2345854060742	1401.0407487669158
618.0602006688963	251.25854276178413	1412.0456963454753
620.7357859531772	252.27835438342333	1423.1830159251278
623.4113712374582	253.29414200416304	1434.4585552308201
626.0869565217391	254.30603549836295	1445.8783214061266
628.7625418060201	255.31417281527493	1457.4485164785556
631.438127090301	256.31869896230387	1469.1754762166445
634.113712374582	257.31976619378617	1481.0656636888154
636.7892976588629	258.31753337811216	1493.1256547453988
639.4648829431438	259.31216550839144	1505.3621333569563
642.1404682274248	260.30383334766765	1517.781867170347
644.8160535117057	261.29271299409845	1530.3916817892102
647.4916387959867	262.2789853922942	1543.1984429174213
650.1672240802676	263.2628355941064	1556.209027509443
652.8428093645485	264.24445270462553	1569.4303440246065
655.5183946488295	265.22402910205733	1582.8692913910315
658.1939799331103	266.20175974451826	1596.5327155712741
660.8695652173913	267.1778419024458	1610.4273916797993
663.5451505016722	268.15247457820016	1624.560012766687
666.2207357859531	269.1258579874506	1638.937181413045
668.8963210702341	270.0981929642794	1653.5653703720488
671.571906354515	271.06968031701814	1668.4508889966703
674.247491638796	272.0405203352233	1683.5998539774416
676.9230769230769	273.01091239544616	1699.018177250784
679.5986622073578	273.98105451531114	1714.7115542347872
682.2742474916388	274.9511428865087	1730.6854276428235
684.9498327759197	275.921370994173	1746.944937209844
687.6254180602007	276.8919293799781	1763.4949206836152
690.3010033444816	277.86300527333634	1780.3398869593748
692.9765886287626	278.834782245713	1797.4840123532515
695.6521739130435	279.8074395283575	1814.9310783500716
698.3277591973244	280.78115153129295	1832.6844385293568
701.0033444816054	281.7560878686438	1850.7470168990462
703.6789297658863	282.7324127666606	1869.1212984522492
706.3545150501673	283.71028485508606	1887.8092884217733
709.0301003344482	284.6898577504546	1906.812577625081
711.7056856187291	285.6712781745836	1926.1321509339334
714.38127090301	286.6546867081824	1945.7684999847002
717.0568561872909	287.640217281475	1965.7215700597249
719.7324414715719	288.627997395918	1985.9907717737626
722.4080267558528	289.6181478424344	2006.574968866683
725.0836120401337	290.61078245628784	2027.4724434595635
727.7591973244147	291.60600832789737	2048.680914931244
730.4347826086956	292.6039254455602	2070.1974978660737
733.1103678929766	293.6046268184351	2092.0187333432245
735.7859531772575	294.60819859086865	2114.1406015668836
738.4615384615385	295.6147198107855	2136.558478023482
741.1371237458194	296.62426278792043	2159.2671695258314
743.8127090301003	297.63689295435904	2182.2608929915414
746.4882943143813	298.6526688080484	2205.533295820641
749.1638795986622	299.67164248676477	2229.0775144834156
751.8394648829432	300.6938595198406	2252.886128501077
754.5150501672241	301.7193590825624	2276.9511648987955
757.190635451505	302.74817403131726	2301.2641463424748
759.866220735786	303.78033091205174	2325.8160775945316
762.5418060200669	304.8158499354898	2350.5974447018084
765.2173913043479	305.8547454912082	2375.5982750730323
767.8929765886288	306.89702647437633	2400.8081283098304
770.5685618729098	307.94269592412337	2426.2160993216053
773.2441471571906	308.9917514313749	2451.810864839428
775.9197324414715	310.0441852956247	2477.5806959202355
778.5953177257525	311.0999841949816	2503.513446891751
781.2709030100334	312.1591297759602	2529.596585450846
783.9464882943143	313.22159895213184	2555.817255853714
786.6220735785953	314.28736357539606	2582.162212494404
789.2976588628762	315.3563907160495	2608.617882616019
791.9732441471572	316.4286427567191	2635.170399050594
794.6488294314381	317.50407731970887	2661.805588918979
797.3244147157191	318.58264761878877	2688.50899087263
800.0	319.6643026881331	2715.2658947596487
