0.0	0.0	0.0	0.0	0.0	0.0
0.3465228324695839	1.29324229607431	0.3282073083989523	1.2981499203432962	0.36483835654021546	1.2883346718053237
0.6930433912550861	2.5864849889661716	0.6561709447803847	2.596364885949207	0.7299158377297874	2.5766050919831365
1.0395593996771517	3.879728477506944	0.9836577789163448	3.894707116874807	1.0954610204379587	3.8647498381390806
1.3860685743711545	5.172973164695473	1.3104521594008431	5.193234148703235	1.4616849893414658	5.152712180687711
1.7325686220684247	6.466219459793712	1.636363303765523	6.491996852108583	1.8287739403713263	6.440442067478841
2.0790572365702307	7.759467780240726	1.9612270259222058	7.791038969782843	2.1968874472182556	7.7278965906986095
2.425532095273757	9.052718553850589	2.284905588532128	9.09039715611859	2.5661586020153857	9.015039951582589
2.771990856093061	10.34597222076094	2.607285650377175	10.39010152731406	2.9366960618089473	10.30184291420782
3.118431154214935	11.639229235486479	2.9282752140513644	11.69017647947453	3.308587094378506	11.588281991498427
3.4648505986484257	12.932490069103864	3.2478002700870734	12.990641588156326	3.681900927209778	12.874338550051402
3.8112467691409933	14.225755211205467	3.5658015404146153	14.291512481150512	4.056691997867372	14.159997941260421
4.1576172128469375	15.51902517201077	3.8822315979191235	15.592801610547165	4.433002827774752	15.445248733474374
4.503959442125164	16.812300483762765	4.197052373390985	16.894518920528046	4.810866510859343	16.730082046997484
4.850270929802836	18.10558170373173	4.510233254270048	18.196672357463296	5.190308605335623	18.014491050000164
5.196549106981423	19.398869415608676	4.821749441980826	19.49926830971326	5.57134877198202	19.298470521504093
5.542791360262775	20.69216423126631	5.1315806804722905	20.802311948107082	5.95400204005326	20.58201651442554
5.888995027716891	21.985466793320438	5.4397103292722395	22.105807474508932	6.338279726161543	21.865126112131943
6.2351573961942375	23.278777776839302	5.7461245835935335	23.409758330412327	6.7241902087949414	23.147797223266277
6.581275699025166	24.572097890806734	6.050811850552824	24.714167363485938	7.111739547497509	24.43002841812753
6.92734711168224	25.865427880881523	6.353762352799746	26.01903693388389	7.500931870564733	25.711818827879156
7.273368751339331	27.158768529678493	6.654967656716282	27.32436903922724	7.891769845962379	26.993168020129747
7.619337670817776	28.452120660626484	6.954420558182739	28.630165345848393	8.284254783452813	28.274075975404575
7.965250855085592	29.745485140190993	7.252114808230574	29.9364272618799	8.67838690194061	29.554543018502088
8.311105222989415	31.038862876782737	7.548044853857579	31.243156004282447	9.07416559212125	30.834569749283027
8.656897621342141	32.332254824517605	7.8422057644186145	32.55035261893661	9.471589478265669	32.1141570300986
9.002624822438758	33.62566198480493	8.13459313425776	33.8580180057807	9.870656510619757	33.39330596382916
9.348283521503774	34.91908540797501	8.425202974965107	35.16615294667975	10.271364068042441	34.67201786927027
9.693870333947824	36.212526195027145	8.714031653179314	36.474758121118924	10.673709014716335	35.950294268935366
10.039381792810643	37.50598549926135	9.001075835731923	37.78383411981153	11.077687749889362	37.22813687871117
10.3848143460147	38.79946452802796	9.286332430924865	39.09338145935192	11.483296261104535	38.505547596704005
10.730164354013	40.09296454422526	9.56979856577739	40.40340058705819	11.890530142248611	39.782528501392335
11.07542808703922	41.386486868051755	9.851471536819428	41.71389189298281	12.299384637259013	41.0590818431207
11.420601723013478	42.68003287833079	10.131348803198193	43.0248557103258	12.709854642828763	42.33521004633578
11.765681344529655	43.973604014438756	10.4094279339495	44.336292328398436	13.12193475510981	43.610915700479076
12.110662936683923	45.26720177767696	10.685706600898268	45.64820199303319	13.535619272469578	44.88620156232073
12.45554238547616	46.56082773226045	10.960182590958116	46.960584901567266	13.950902179994205	46.16107056295363
12.80031547477654	47.8544835072628	11.232853757937557	48.27344121449538	14.367777191615522	47.43552580003022
13.144977884383655	49.148170797817606	11.503718018059953	49.58677105498291	14.786237750707357	48.7095705406523
13.489525187650077	50.441891366628234	11.772773333914994	50.900574511626246	15.20627704138516	49.98320822163022
13.833952849655782	51.73564704509086	12.040017712867913	52.21485163710348	15.627887986443652	51.256442453078236
14.17825622517386	53.02943973456137	12.30544919776176	53.52960244894761	16.05106325258596	52.52927702017514
14.522430556416388	54.323271407770726	12.569065851445265	54.84482693203038	16.47579526138751	53.80171588351107
14.866470971522597	55.61714410971091	12.830865757937028	56.16052503628385	16.902076185108168	55.07376318313796
15.210372482197451	56.91105995913705	13.090847006407314	57.476696679358625	17.329897957987587	56.34542323891547
15.554129982405996	58.2050211492893	13.349007693359129	58.793341743952766	17.759252271452866	57.61670055462584
15.897738246218546	59.499029949247166	13.605345910272625	60.11046007939208	18.190130582164468	58.887599819102256
16.24119192633318	60.793088704768536	13.859859740928293	61.428051500312904	18.622524111738066	60.15812590922417
16.58448555248939	62.087199839213966	14.112547256724122	62.746115785935324	19.05642384825466	61.42828389249261
16.927613529845335	63.38136585448538	14.363406510270988	64.06465267980076	19.491820549419682	62.69807902917
17.270570137963862	64.67558933149256	14.612435535330018	65.38366188754091	19.928704740597706	63.96751677544421
17.613349528117382	65.96987293195613	14.8596323308447	66.7031430797192	20.367066725390064	65.23660278419307
17.95594572214432	67.26421939897585	15.104994860003597	68.0230958899108	20.806896584285045	66.5053429080409
18.298352611026	68.55863155782073	15.348521046235096	69.34351991375385	21.248184175816906	67.77374320188761
18.64056395557803	69.85311231493883	15.590208781657834	70.66441470357073	21.69091912949823	69.04180992630693
18.982573384174337	71.14766465947682	15.830055916605495	71.98577976966692	22.13509085174318	70.30954954928671
19.32437439091142	72.44229166443284	16.068060252694984	73.30761458047127	22.580688529127855	71.57696874839442
19.66596033526585	73.7369964865538	16.304219544565388	74.62991855960027	23.027701125966313	72.84407441350734
20.00732444092685	75.03178236685532	16.538531493210005	75.95269108555006	23.476117388643697	74.11087364816059
20.348459793265008	76.32665263195375	16.77099371894059	77.27593149715243	23.925925867589424	75.37737376675507
20.689359340535592	77.62161069310939	17.001603791309616	78.59963908294625	24.377114889761568	76.64358230327252
21.030015892702984	78.91666004669923	17.230359219631783	79.9238130816691	24.829672565774185	77.90950701172937
21.37042212060071	80.21180427446792	17.457257448421178	81.248452681374	25.283586792780245	79.17515586756184
21.71057055467141	81.50704704395021	17.682295846361757	82.57355702031379	25.738845262981062	80.44053706758663
22.050453583941188	82.80239210874949	17.905471699144226	83.89912518677181	26.19543546873815	81.70565903072716
22.390063456596486	84.09784330798021	18.12678222368841	85.225156213033	26.653344689504564	82.97053040292742
22.729392278979393	85.39340456648587	18.346224558714077	86.55164907587223	27.11255999924471	84.2351600570995
23.068432015119228	86.68907989474764	18.563795762260096	87.87860269513547	27.57306826797836	85.4995570943598
23.407174486180548	87.98487338852195	18.779492801205546	89.20601593412587	28.03485617115555	86.76373084291802
23.745611370223674	89.28078922877687	18.99331255583794	90.53388759657248	28.49791018460941	88.02769086098125
24.0837342019479	90.57683168145992	19.205251819474512	91.86221642476951	28.96221658442129	89.29144693815033
24.42153437242804	91.8730050971118	19.41530729457297	93.19100109852037	29.427761450283114	90.55500909570323
24.75900312891221	93.16931391041473	19.62347558952594	94.52024023391681	29.89453066829848	91.81838758691265
25.09613157458602	94.4657626395257	19.829753211753726	95.84993238287908	30.362509937418316	93.08159289617234
25.43291066866952	95.76235588580438	20.034136573348153	97.18007603010348	30.83168476399089	94.34463574150529
25.76933122637081	97.05909833314348	20.236621987430578	98.51066959198401	31.30204046531104	95.60752707430295
26.105383918932336	98.35599474729422	20.437205666326147	99.84171141516912	31.773562171538526	96.87027807941932
26.441059273563514	99.65304997506536	20.635883716522102	101.17319977581822	32.24623483060493	98.1329001743125
26.77634767355962	100.95026894351659	20.832652136890196	102.5051328781634	32.72004321022904	99.39540500886979
27.111239358728014	102.24765665919948	21.027506822102634	103.83750885202049	33.19497189535339	100.65780446637847
27.44572442554195	103.5452182071919	21.220443559199005	105.17032575177707	33.671005291884896	101.92011066260672
27.77979282739137	104.84295875010976	21.411458025717316	106.50358155507107	34.14812762906542	103.18233594514845
28.113434374166193	106.14088352699372	21.600545778517287	107.8372741634151	34.6263229698151	104.44449289057233
28.446638733654897	107.43899785228477	21.787702266808388	109.17140139776656	35.105575200501406	105.70659430680298
28.77939543193526	108.73730711464557	21.972922830184526	110.50596099733426	35.585868033686	106.96865323195689
29.111693853707138	110.0358167757091	22.15620269555298	111.84095061862504	36.0671850118613	108.23068293279314
29.443523242864142	111.33453236878036	22.337536976751636	113.17636783395884	36.54950950897665	109.49269690360188
29.77487270311995	112.63345949747554	22.51692067431278	114.51221012998965	37.03282473192712	110.75470886496143
30.105731198689334	113.93260383429802	22.694348675372385	115.8484749062343	37.517113722006286	112.01673276236174
30.436087555017565	115.23197111915181	22.869815753658216	117.18515947362361	38.002359356376914	113.27878276468
30.765930456346688	116.53156715783214	23.04331653687536	118.52226105936917	38.488544375818016	114.54087325629511
31.09524844825208	117.83139782039208	23.214845526909247	119.85977680135875	38.975651369594914	115.80301883942542
31.424029941261487	119.13146903943392	23.384397128179238	121.19770374132892	39.46366275434374	117.06523433753893
31.75226320980704	120.43178680839605	23.551965627668295	122.53603882743658	39.952560791945785	118.32753478935552
32.079936393133956	121.7323571797535	23.71754519523568	123.87477891286778	40.44232759103223	119.58993544663923
32.40703749625873	123.03318626315578	23.881129884064624	125.21392075445677	40.93294510845284	120.8524517718548
32.7335543909767	124.33428022350192	24.04271363124325	126.55346101131639	41.424395150710154	122.11509943568745
33.05947481691908	125.63564527895277	24.202290258477294	127.89339624348155	41.916659375360865	123.37789431442398
33.38478638012871	126.93728769966656	24.35985345697845	129.23372291370757	42.40971930327897	124.64085248562553
33.70947655075951	128.23921380675935	24.515396768177894	130.57443738988036	42.90355633334113	125.90399022363836
34.033532673193946	129.54142996736104	24.668913642036795	131.9155359322608	43.39815170435109	127.16732400246126
34.35694196334463	130.84394259360457	24.82039741291127	133.25701469723666	43.893486513777994	128.43087048997248
34.679691509567846	132.14675814044577	24.96984129889795	134.59886973634744	44.389541720237744	129.6946465445441
35.00176827385168	133.44988310335088	25.11723840279091	135.9410969950208	44.88629814491245	130.95866921168096
35.32315909304519	134.75332401592334	25.262581713153214	137.28369231131722	45.38373647293717	132.22295572052946
35.64385068012875	136.0570874474709	25.40586410550178	138.62665141468452	45.88183725475572	133.4875234802573
35.96382962456333	137.36118000109045	25.547078339766436	139.9699699256009	46.380580909360226	134.75239007657999
36.28308238684984	138.6656083151948	25.686217035157892	141.3136433603072	46.87994773854179	136.01757327008238
36.601595309721105	139.97037905501384	25.823272711636324	142.65766712025618	47.37991790780589	137.2830909897715
36.91935461737951	141.2754989112406	25.95823778251043	144.0020364930109	47.88047145224859	138.54896132947027
37.23634641562364	142.5809745981077	26.09110455099355	145.3467466521748	48.38158828025374	139.8152025440406
37.55255669318642	143.88681285070086	26.22186521161685	146.6917926562235	48.883248174755984	141.08183304517823
37.86797132310519	145.19302042221761	26.35051185173541	148.0371694473396	49.38543079447497	142.34887139709562
38.182576064123786	146.49960408117133	26.477036453125404	149.38287185025004	49.888115675122165	143.6163363120926
38.496356562012444	147.80657060863984	26.60143089340231	150.72889457115605	50.39128223062258	144.88424664612364
38.80929834418683	149.11392680130643	26.72368693183106	152.07523220187264	50.894909756542596	146.15262140074023
39.121386826961334	150.4216794635016	26.843796225157085	153.42187921386565	51.39897742876558	147.42147971313753
39.43260731976217	151.72983540185817	26.961750335795667	154.7688299550141	51.90346430372867	148.69084084870224
39.742945023671766	153.03840142486268	27.077540726822154	156.1160786507782	52.40834932052138	149.96072419894716
40.05238503283585	154.34738433989355	27.19115876376963	157.46361940309404	52.91361130190207	151.23114927669306
40.360912335892756	155.65679095021312	27.302595716495752	158.81144618926277	53.41922895528976	152.50213571116348
40.66851181742497	156.9666280519135	27.4118427611171	160.15955286083405	53.92518087373284	153.77370324299292
40.975168259433026	158.27690243081602	27.518890982009292	161.50793314248156	54.43144553685676	155.04587171915048
41.28086633909486	159.58762086355554	27.62373136819463	162.85658063409255	54.93800130999509	156.31866109301853
41.58559062841667	160.89879011650214	27.726354812759638	164.20548881107987	55.4448264440737	157.5920914219244
41.88932560450674	162.21041693263325	27.826752128371467	165.55465101561552	55.95189908064201	158.86618284965098
42.19205564667027	163.52250803330756	27.924914042717862	166.9040604593341	56.45919725062268	160.14095560728103
42.49376503773025	164.83507011523233	28.02083120045191	168.253710222321	56.96669887500859	161.41643000814366
42.794437965449035	166.1481098472961	28.11449416531701	169.60359325200918	57.47438176558106	162.69262644258302
43.09405852396281	167.46163386736526	28.205893422316556	170.95370236205858	57.98222362560906	163.96956537267195
43.39261071522909	168.7756487790453	28.295019379926877	172.30403023121636	58.4902020505313	165.24726732687424
43.69007844906994	170.09016115034586	28.381862370864702	173.65456940368335	58.99829452727517	166.52575289700837
43.98644553879433	171.40517751837896	28.46641264824651	175.00531229418084	59.506478429342145	167.8050427425771
44.28169571252798	172.7207043725397	28.548660398256185	176.35625117606253	60.014731026799765	169.08515756901687
44.57581261159492	174.03674815539173	28.62859573924777	177.70737818345103	60.52302948394207	170.36611812733244
44.86877979112162	175.3533152604931	28.706208723204032	179.0586853109226	61.03135085903921	171.6479452100636
45.16058072139067	176.67041202917733	28.781489338003357	180.4101644123588	61.53967210477799	172.93065964599586
45.45119878919895	177.9880447473112	28.85442750971142	181.76180719976927	62.047970068686475	174.21428229485312
45.74061729921981	179.30621964202865	28.925013104896152	183.113605242083	62.55622149354346	175.4988340419743
46.02881947501696	180.62494287899688	28.993235932674807	184.4655499644095	63.06440301735911	176.78433579358426
46.31578845276446	181.94422057116668	29.05908574076454	185.81763265768072	63.57249116476437	178.07080848465264
46.60150729171312	183.2640587610992	29.122552225295614	187.1698444643265	64.08046235813063	179.35827305787188
46.88595897596575	184.58446341698024	29.183625033552612	188.52217637635215	64.58829291837888	180.64675045760833
47.16912641329225	185.9054404332851	29.24229376427695	189.8746192375987	65.09595906230754	181.9362616289715
47.45099243640773	187.22699562754238	29.298547970001984	191.22716374244084	65.60343690281348	183.22682751264392
47.73153980425022	188.5491347370818	29.352377159399563	192.5798004344414	66.11070244910087	184.5184690397222
48.01075120325771	189.8718634157654	29.40377079963715	193.93251970495837	66.61773160687827	185.81120712657244
48.28860924864475	191.1951872307027	29.45271831874454	195.28531179170292	67.12450017854495	187.10506266970245
48.56509648567846	192.51911165894947	29.499209107989582	196.63816677724486	67.63098386336733	188.40005654065408
48.840195390778646	193.84364208449438	29.543232524102642	197.9910745877763	68.13715825745464	189.69620958121246
49.113888359911584	195.16878381723927	29.584777879960235	199.34402501453079	68.64299883986294	190.99354261994776
49.38615772156729	196.49454206937642	29.623834457612084	200.69700769124125	69.1484809855225	192.2920764475116
49.65698574364406	197.82092194230302	29.660391515792828	202.0500120823711	69.65357997149529	193.59183180223494
49.92635462850954	199.14792843400036	29.694438286692606	203.4030274924151	70.15827097032648	194.89282937558562
50.194246514074834	200.47556643597932	29.72596397819738	204.75604306439118	70.66252904995228	196.19508980756746
50.46064347485927	201.80384073022492	29.75495777612806	206.1090477782758	71.16632917359047	197.49863368217405
50.72552752304607	203.13275598613973	29.78140884647815	207.46203044937863	71.669646199614	198.80348152290082
50.98888060952869	204.46231675748555	29.80530633765035	208.81497972665392	72.17245488140703	200.1096537883172
51.250684624948015	205.7925274793245	29.826639382691997	210.16788409094562	72.67472986720404	201.41717086770336
51.51092140071919	207.12339246496072	29.845397101528555	211.52073185316578	73.17644569990983	202.72605307675565
51.76957270310328	208.4549159162958	29.861568595573157	212.87351117262858	73.6775768106334	204.036320659963
52.026620237709835	209.78710191401984	29.87514295382353	214.22621004521292	74.17809752159614	205.34799378282676
52.282045657826394	211.1199544003923	29.88610926313805	215.5788162799947	74.67798205251474	206.66109252078988
52.53583056028674	212.4534771860705	29.894456604840293	216.93131751199397	75.1772045157332	207.97563686014703
52.787956486324916	213.78767394729022	29.9001740568175	218.28370120039602	75.67573891583233	209.2916466941844
53.038404922414415	215.12254822305567	29.903250695615206	219.6359546267088	76.17355914921362	210.60914181940254
53.28715730109253	216.4581034123393	29.903675598528814	220.98806489285286	76.67063900365625	211.92814193182576
53.53419500176987	217.79434277129124	29.901437845693376	222.3400189191822	77.16695215784635	213.24866662340028
53.779499351525025	219.13126941045797	29.896526522172326	223.6918034424318	77.66247218087773	214.57073537848416
54.02305162588444	220.4688862920114	29.888930720046798	225.04340501359053	78.15717253172208	215.89436757043228
54.264833046505686	221.80719623384195	29.878639533738546	226.3948100119784	78.65102655927282	217.2195824557055
54.50482478149687	223.146201907765	29.86564206127546	227.74600464563474	79.14400750171828	218.54639916989527
54.74300795248685	224.4859058226864	29.84992742032312	229.09697491560482	79.63608848465057	219.87483672976796
54.97936363184356	225.82631032966032	29.831484742553645	230.4477066319042	80.12724252113348	221.20491402741644
55.213872843264454	227.16741761942237	29.810303175516818	231.79818541168484	80.61744251101209	222.5366498271599
55.44651656238974	228.5092297198485	29.786371884603543	233.14839667712448	81.10666124017594	223.8700627625725
55.67727571739755	229.85174849343113	29.759680055013018	234.49832565325224	81.59487137978208	225.20517133361002
55.90613118958092	231.1949756347719	29.730216893725473	235.84795736570848	82.08204548543637	226.54199390383533
56.13306381390673	232.5389126680917	29.69797163148264	237.1972766384371	82.56815599633082	227.88054869774632
56.35805437955645	233.8835609447573	29.66293352477771	238.54626809130795	83.05317523433519	229.22085379820666
56.58108363217684	235.22892164147623	29.62509185724944	239.89491614866856	83.53707540710424	230.5629271342839
56.8021322762107	236.57499575854592	29.584435941017457	241.24320504899868	84.01982861140394	231.90678646809317
57.02118096948957	237.92178411520987	29.54095512074848	242.591118805112	84.50140681823066	233.25244942530776
57.23821032644896	239.26928734828755	29.494638774731513	243.93864121879503	84.9817818781664	234.59993347778007
57.453200918774975	240.6175059098598	29.445476316849323	245.28575587945986	85.46092552070063	235.94925594025975
57.6661332758958	241.9664400649197	29.393457198615526	246.63244616187075	85.93880935317608	237.30043396796867
57.87698788545745	243.31608988904108	29.338570911230086	247.9786952238257	86.41540485968483	238.65348455425647
58.085745193784014	244.6664552660651	29.280806987655524	249.32448600379277	86.8906833999125	240.00842452833743
58.292385606322256	246.01753588580473	29.220155004716293	250.6698012185004	87.36461620792822	241.36527055310907
58.49688948807066	247.36933124176696	29.156604585223388	252.01462336048118	87.83717439091792	242.72403912305273
58.69923716731747	248.72184062705068	29.09014540149979	253.35893470277398	88.30832893313516	244.08474655132738
58.89940894418356	250.075063127591	29.020767180814797	254.70271731459246	88.77805070755232	245.44740894058953
59.097385073249114	251.4289976297748	28.948459700147488	256.0459530207572	89.24631044635075	246.8120422387924
59.29314577081479	252.7836428144138	28.873212791305594	257.3886234137529	89.71307875032399	248.1786622150747
59.48667121630308	254.1389971539743	28.795016343588433	258.73070985348494	90.17832608901773	249.54728445446364
59.677941552757794	255.4950589103158	28.713860306109268	260.0721934651124	90.64202279940632	250.91792435551923
59.86693688733497	256.851826132444	28.629734690151537	261.4130551368735	91.10413908451841	252.29059712801453
60.05363729178528	258.2092966542771	28.542629571560948	262.75327551790537	91.5646450120096	253.6653177906489
60.23802280292771	259.567468092427	28.452535093174767	264.0928350160592	92.02351051268064	255.04210116879486
60.420073423114836	260.9263378439936	28.359441467290317	265.43171379571237	92.48070537893935	256.4209618922749
60.599769125552015	262.2859030816858	28.263338983277798	266.7698917798948	92.93619926782623	257.80191438347674
60.77708987793049	263.6461607388282	28.164218034146757	268.10734866929636	93.38996172171423	259.18497280836004
60.95201560248829	265.007107529518	28.0620690763515	269.4440639050187	93.84196212862508	260.5701511540173
61.1245261885251	266.36873993979566	27.956882645262183	270.78001667678853	94.29216973178802	261.9574632028028
61.29460149680645	267.7310542233091	27.8486493619125	272.1151859245077	94.74055363170041	263.3469225221105
61.46222136034908	269.0940463989864	27.737359935963383	273.4495503366817	95.18708278473478	264.7385424612911
61.62736558521402	270.45771224871436	27.623005168711856	274.7830883489032	95.63172600171619	266.1323361485255
61.79001395130683	271.82204731502213	27.50557595614527	276.1157781423934	96.0744519464684	267.52831648765084
61.95014621318543	273.1870468987697	27.385063292040883	277.44759764260357	96.51522913432997	268.9264961549359
62.107742100875164	274.552706056842	27.26145827111049	278.77852451788203	96.95402593063983	270.32688759580196
62.262781325221226	275.91901959802385	27.134752097881133	280.108536181028	97.39081055256132	271.7295030150197
62.41524362039125	277.2859820639262	27.004936141833326	281.4376098146414	97.82555109894918	273.134354313211
62.565108683967	278.6535877511529	26.872001863580472	282.7657223332464	98.25821550435353	274.54145316905937
62.71235618858753	280.02183070466697	26.735940832020688	284.0928503885852	98.68877154515437	275.95081102074874
62.85696579256355	281.3907047115805	26.596744739804265	285.41897037492737	99.11718684532283	277.3624390482336
62.9989171413401	282.7602032986364	26.454405407241104	286.74405842888723	99.5434288754391	278.77634816838554
63.138189868992676	284.130319729685	26.30891478624938	288.0680904293815	99.96746495173596	280.1925490299885
63.274763599756824	285.50104700315563	26.160264964341913	289.3910419977342	100.38926223517174	281.6110520085771
63.40861794959124	286.87237784952254	26.008448168647043	290.7128884979327	100.80878773053544	283.0318672011124
63.539732527774255	288.24430472876566	25.853456769960367	292.0336050370409	101.22600828558814	284.4550044204904
63.66808694164804	289.6168198271891	25.69528329125697	293.35316646768496	101.64089059203911	285.8804731866932
63.79366086038208	290.98991504217054	25.533920499622603	294.6715474275018	102.05340122114157	287.30828265683925
63.91643394143255	292.36358199499364	25.369361301954704	295.98872229524903	102.4635065809104	288.73844169473824
64.03638583088055	293.7378120285719	25.201598747504967	297.30466519060616	102.87117291425614	290.17095886653766
64.15349618539314	295.11259620075225	25.03062606058637	298.61934998801144	103.2763663101999	291.60584241349306
64.26774467490688	296.4879252815623	24.85643664560677	299.93275031902465	103.67905270420698	293.04310024409995
64.37911098538333	297.86378975044516	24.67902409211021	301.24483957494346	104.07919787865646	294.4827399259469
64.48757482163637	299.2401797934799	24.498382179817803	302.5555909096784	104.47676746345493	295.9247686772814
64.59311591023169	300.6170853005901	24.314504883659794	303.86497724289416	104.87172693680358	297.369193358286
64.69571400245805	301.99449586273806	24.12738637878953	305.17297126342	105.26404162612656	298.81602046205614
64.79534887859202	303.3724007691438	23.93702104744004	306.47954543386965	105.653676709744	300.2652561044179
64.89200042813876	304.75078900679176	23.74340360127824	307.7846720540875	106.04059725499928	301.71690595949605
64.98564858068848	306.12964925539296	23.546528973706067	309.08832321182456	106.42476818767088	303.17097529896137
65.07627327885456	307.50896988360716	23.346392278759588	310.39047076368036	106.80615427894952	304.627469003534
65.16385451750033	308.8887389472602	23.142988870649837	311.69108636748336	107.18472016435081	306.08639152703705
65.2483723483198	310.26894418649505	22.93631434976551	312.9901414887287	107.5604303468741	307.5477468842614
65.329806884542	311.64957302291174	22.726364568604623	314.2876074073983	107.93324920047937	309.0115386384252
65.40813830575843	313.0306125566951	22.513135637620472	315.58345522516737	108.30314097389638	310.4777698882228
65.48334686287424	314.4120495637311	22.296623930966298	316.8776558730004	108.6700697947822	311.9464432544618
65.5554128831825	315.7938704927117	22.076826092123085	318.17018011914064	109.03399967424191	313.4175608662827
65.62431677559326	317.17606146223704	21.853739039445443	319.4609985775277	109.39489451174107	314.8911243469464
65.6900390963961	318.55860827634075	21.62736006948151	320.75008177967874	109.7527181233107	316.36713477300276
65.7525605295369	319.9414964138793	21.397686819082132	322.03740015935085	110.10743423999165	317.84559266840773
65.81186183260634	321.3247110074102	21.164717173346695	323.32292400025426	110.45900649186598	319.32649801456614
65.8679238834592	322.70823685272717	20.92844933674771	324.6066234887294	110.80739843017068	320.80985021672495
65.92072768809756	324.0920584065263	20.688881840305463	325.8884687268183	111.15257353588964	322.2956480862343
65.97025438878704	325.4761597840937	20.446013548594983	327.16842974591447	111.4944952289791	323.7838898222729
66.0164852724065	326.86052475701547	20.199843666561335	328.446476520991	111.83312687825166	325.27457299303995
66.05940177903061	328.2451367509091	19.950371746116772	329.72257898540624	112.16843181194444	326.767694516412
66.09898551328232	329.62997885727395	19.697597701533567	330.9967070623726	112.50037332503106	328.2632506521753
66.1352182544802	331.01503383737116	19.44152181923205	332.26883068798884	112.82891468972834	329.7612369867535
66.16808196029302	332.4002840887414	19.18214474341383	333.538919792112	113.15401917717222	331.2616483853708
66.19755877917619	333.7857116592579	18.91946749196417	334.8069443339479	113.47565006638821	332.7644789845679
66.22363106029145	335.17129824591865	18.653491462107823	336.0728743208067	113.79377065847508	334.2697221710306
66.24628136361811	336.55702519342645	18.384218435530265	337.3366798271417	114.10834429170595	335.7773705597112
66.26549247030371	337.94287349282797	18.111650583111285	338.5983310141708	114.41933435749614	337.28741597148513
66.2812473932547	339.3288237802106	17.835790469244245	339.85779815006833	114.72670431726516	338.79984941035286
66.29352940575318	340.71485635396215	17.55664108801254	341.11505166577086	115.03041772349381	340.31466104215343
66.3023220843084	342.1009512066482	17.274205923056165	342.37006223968456	115.33043824556063	341.8318401736118
66.30760924810407	343.4870879491219	16.988488818911073	343.62280067852157	115.62672967729708	343.3513752197222
66.30937500064887	344.8732458407701	16.699489599989583	344.8732379987843	115.91926040130815	344.8732536827559
66.30760374529707	346.25940379238347	16.329355312597592	346.1211300132997	116.28585217799656	346.3976775714672
66.30228019864688	347.6455403666283	15.955171485656606	347.3662262453079	116.64938891163716	347.9248544879487
66.2933894042488	349.0316337786492	15.576955392826243	348.60848866810323	117.00982341567135	349.4547788891952
66.28091674662377	350.4176618968033	15.194725172682624	349.8478796702772	117.36710832056492	350.98744412332934
66.26484796840623	351.8036022588576	14.808499842731294	351.08436211488475	117.72119609408117	352.52284240283046
66.24516919679938	353.18943213735116	14.418299346257172	352.31789946345583	118.07203904734159	354.0609648112465
66.22186693889759	354.5751284338291	14.02414447606867	353.5484556786575	118.41958940172651	355.6018011890007
66.19492810310808	355.9606677136755	13.62605689798854	354.7759953094986	118.76379930822762	357.14534011785236
66.16434001656381	357.3460262175536	13.224059155672713	356.0004835470153	119.10462087745492	358.69156888809187
66.13009044136251	358.73117986489757	12.818174668174379	357.22188627021296	119.44200621455064	360.2404734595822
66.09216759113438	360.11610425763655	12.408427726051883	358.4401700928163	119.77590745621688	361.7920384224568
66.0505601479383	361.5007746841518	11.994843485963024	359.65530241077636	120.10627680991357	363.3462469575272
66.00525727819242	362.8851661329641	11.577447964508465	360.8672514612912	120.43306659187637	364.90308080463706
65.95624863807838	364.26925338631406	11.15626803695718	362.0759864731965	120.75622923919957	366.4625202994316
65.90352440754631	365.6530109064972	10.731331416087912	363.2814775818595	121.07571739900472	368.0245442311348
65.84707530589337	367.03641286006814	10.302666641968486	364.4836959010825	121.39148396981825	369.58912981905377
65.78689260755755	368.4194331431076	9.870303069720457	365.68261359646647	121.70348214539464	371.1562526897487
65.72296816065864	369.8020453889743	9.434270853857328	366.8782039389743	122.01166546745995	372.7258868389743
65.65529440585064	371.18422297641547	8.994600930744028	368.07044135895507	122.31598788095725	374.2980045938759
65.58386439548565	372.56593903803446	8.551324999140135	369.25930150055416	122.61640379183116	375.87257657551476
65.50867181126318	373.94716647312134	8.104475496742758	370.444761279672	122.9128681257836	377.4495716665707
65.42971093745841	375.32787805893884	7.654085524740289	371.62679902121016	123.20533635017654	379.0289570966675
65.3469767289557	376.7080463551429	7.200188876857808	372.8053944285354	123.49376458105358	380.61069828175044
65.2604648376431	378.0876437005586	6.742820018633381	373.98052862811744	123.77810965665282	382.19475877299976
65.17017161731475	379.4666422581275	6.282014040380396	375.1521842525817	124.0583291942491	383.78110026367324
65.07609414344537	380.84501402828295	5.817806624554258	376.3203454977569	124.33438166233648	385.369682558809
64.9782302332104	382.2227308628271	5.350234011039099	377.4849981796274	124.60622645538169	386.96046354602686
64.87657846575145	383.59976447931075	4.879332960360927	378.64612979110746	124.87382397114197	388.55339916751404
64.77113820218808	384.9760864763973	4.405140714087892	379.80372955867443	125.13713569028828	390.1484433941202
64.66190952011749	386.3516684324304	3.9276948250685777	380.9577885193716	125.3961242151664	391.7455483454892
64.54889329016181	387.7264818677557	3.447033201251834	382.1082995612063	125.6507533790718	393.3446641743051
64.43209125365773	389.10049820668115	2.9631941456011077	383.2552574645669	125.90098836171435	394.9457389487954
64.31150599734714	390.47368883950406	2.476216239499692	384.3986589681627	126.14679575519459	396.54871871084543
64.18714097244806	391.84602514247894	1.9861382912401524	385.5385028231157	126.38814365365597	398.15354746184215
64.05900051382973	393.2174784984243	1.4929992826332565	386.67478984628946	126.6250017450262	399.7601671505592
63.92708985929224	394.58802031796813	0.996838313808432	387.8075229727828	126.85734140477604	401.36851766315345
63.79141516895043	395.957622061432	0.4976945462842153	388.9367073075252	127.08513579161664	402.9785368153388
63.651983450786204	397.3262553039946	-0.00439300720375968	390.0623501242688	127.30835990877617	404.59016048372047
63.50880257624703	398.6938917606664	-0.5093855427412208	391.1844609106136	127.52699069523527	406.2033226107192
